[Header]
TITLE,CoS2 QA96 after toluene Puck 225 7-19-2026.dat
BYAPP,HeatCapacity,3.9.11,1.7
INFO,1000,MASS:Sample Mass (mg)
INFO,,MASSERR:Sample Mass Error (mg)
INFO,1,MOLWGHT:Formula Weight (g/mole)
INFO,1,ATOMS:Atoms per Formula Unit
INFO,PPMS Heat Capacity Option 3.9.11 Build 2,APPNAME
DATATYPE,TIME,1
DATATYPE,COMMENT,2
STARTUPAXIS, X, 8, LINEAR, AUTO
STARTUPAXIS, Y1, 10, LINEAR, AUTO
[Data]
Time Stamp (Seconds),Comment (),System Status (Code),Puck Temp (Kelvin),System Temp (Kelvin),Field (Oersted),Pressure (Torr),Sample Temp (Kelvin),Temp Rise (Kelvin),Samp HC (mJ/mole-K),Samp HC Err (mJ/mole-K),Addenda HC (µJ/K),Addenda HC Err (µJ/K),Total HC (µJ/K),Total HC Err (µJ/K),Fit Deviation (ChiSquare),Time Const tau1 (seconds),Time Const tau2 (seconds),Sample Coupling (Percent),Debye Temp (Kelvin),Debye Temp Err (Kelvin),Cal Correction (Factor),Therm Resist (Ohms),Htr Resist (Ohms),Puck Resist (Ohms),Wire Cond (W/K),Meas Time (seconds),Temp Squared (K^2),Samp HC/Temp (mJ/mole-K/K),Addenda Offset HC (µJ/K)
4612541.63,CALFILE: C:\QdPpms\HEATCA~1\TempCal\Standard\Puck225_4.cal|Addenda #4 measured on 7/18/2026 from 1.8168 to 302.48 K
4612541.72,,5905,,1.8005,0.08,9.2E-6,1.8173346,0.041651702,0.00660874,2.989E-5,0.21712817,0.002117,6.8258682,0.02989,1.3405624,4.2237484,0.001845139,98.563453,1208.582,1.817,1,,,,1.6381579E-6,8.1095363,3.302705,0.0036365015,0
4612591.94,,5905,,1.8,0.08,9.2E-6,1.8177305,0.041981071,0.006623273,2.92E-5,0.21717416,0.002119,6.8404471,0.0292,2.5829454,4.1570789,0.0012342775,99.025823,1207.9605,1.771,1,,,,1.6606744E-6,8.4474968,3.3041442,0.0036437046,0
4612642.41,,5905,,1.799,0.08,9.2E-6,1.8176225,0.041498184,0.0066377108,2.911E-5,0.21714844,0.002118,6.8548592,0.02911,1.38973,4.1457311,0.0010438687,99.17315,1207.012,1.759,1,,,,1.6664036E-6,8.3141577,3.3037515,0.0036518644,0
4612801.98,,5905,,1.8804,0.08,9.2E-6,1.896368,0.043993321,0.0066757704,2.97E-5,0.22856283,0.002501,6.9043332,0.0297,2.4582702,3.9916277,0.0013799111,98.909601,1256.9061,1.858,1,,,,1.7475369E-6,8.2914622,3.5962117,0.0035202926,0
4612852.16,,5905,,1.8798,0.08,9.2E-6,1.8960547,0.043290786,0.0066924629,3.16E-5,0.22851158,0.0025,6.9209744,0.0316,2.2249295,4.0227055,0.0014413189,98.866565,1255.6527,1.97,1,,,,1.7389273E-6,7.9832554,3.5950233,0.0035296782,0
4612901.73,,5905,,1.88,0.08,9.2E-6,1.8960566,0.043652011,0.0066790487,3.061E-5,0.22852901,0.0025,6.9075777,0.03061,2.3924914,4.0736719,0.0018302937,98.577828,1256.4941,1.914,1,,,,1.7185454E-6,8.045411,3.5950308,0.0035225998,0
4613059.38,,5905,,1.9637,0.08,9.2E-6,1.9784256,0.046625776,0.0066842375,3.15E-5,0.24134555,0.002891,6.925583,0.0315,1.1048606,3.8059182,0.0012519611,99.013553,1310.7397,2.053,1,,,,1.836581E-6,8.1473438,3.9141678,0.003378564,0
4613107.41,,5905,,1.9633,0.08,9.2E-6,1.9775948,0.045109911,0.0067127647,3.432E-5,0.24129475,0.00289,6.9540594,0.03432,2.5302926,3.8630053,0.0013389302,98.955753,1308.3307,2.222,1,,,,1.8178756E-6,7.6118363,3.9108812,0.0033944085,0
4613154.75,,5905,,1.9641,0.08,9.2E-6,1.977678,0.045388831,0.0067545069,3.508E-5,0.24132379,0.00289,6.9958307,0.03508,2.0843779,3.9039274,0.0015318547,98.809569,1305.6849,2.253,1,,,,1.8121319E-6,7.7260106,3.9112102,0.0034153725,0
4613311.78,,5905,,2.0513,0.08,9.2E-6,2.0648456,0.048426349,0.0068129132,3.595E-5,0.25837597,0.003145,7.0712892,0.03595,3.092705,3.748336,0.0018154126,98.607561,1359.3272,2.383,1,,,,1.9112547E-6,7.8078549,4.2635875,0.0032994782,0
4613358.55,,5905,,2.051,0.08,9.2E-6,2.0644968,0.047513049,0.0068039992,3.691E-5,0.25825112,0.003145,7.0622503,0.03691,2.3028647,3.7044838,0.0014656343,98.865964,1359.6908,2.45,1,,,,1.9267114E-6,7.496672,4.262147,0.003295718,0
4613405.67,,5905,,2.0485,0.08,9.3E-6,2.0642765,0.047358383,0.0067814178,3.593E-5,0.25820215,0.003145,7.0396199,0.03593,2.6057566,3.7192493,0.0016048742,98.765675,1361.0531,2.395,1,,,,1.9147138E-6,7.4089677,4.2612375,0.0032851305,0
4613560.19,,5905,,2.1389,0.08,9.2E-6,2.1555616,0.04853462,0.0071204633,2.311E-5,0.28561446,0.002818,7.4060778,0.02311,0.71243501,3.5900639,0.0016895322,98.716715,1398.3152,1.51,1,,,,2.0877384E-6,7.4384985,4.6464459,0.0033032984,0
4613607.22,,5905,,2.1388,0.08,9.2E-6,2.1552499,0.047950688,0.0071090073,2.256E-5,0.28547958,0.002821,7.3944869,0.02256,1.4918357,3.5921837,0.0015717688,98.809071,1398.8636,1.476,1,,,,2.0814356E-6,7.1801278,4.6451023,0.0032984608,0
4613654.11,,5905,,2.1403,0.08,9.2E-6,2.1553334,0.047738153,0.0071253707,2.413E-5,0.28548021,0.002821,7.4108509,0.02413,0.82279097,3.5577207,0.0013598413,98.9588,1397.8461,1.574,1,,,,2.1033019E-6,7.1843673,4.645462,0.0033059251,0
4613808.05,,5905,,2.2338,0.08,9.2E-6,2.2492473,0.049141382,0.0073555582,2.705E-5,0.32024051,0.002259,7.6757988,0.02705,0.74038265,3.4131335,0.0012941801,99.043923,1443.3757,1.765,1,,,,2.2688436E-6,7.1154413,5.0591133,0.003270231,0
4613854.2,,5905,,2.2335,0.08,9.2E-6,2.2487568,0.048274429,0.0073397816,2.437E-5,0.32005101,0.002261,7.6598326,0.02437,0.69014597,3.4258916,0.0016518208,98.783305,1444.0941,1.595,1,,,,2.2611632E-6,6.826267,5.0569069,0.0032639287,0
4613900.09,,5905,,2.2338,0.08,9.2E-6,2.2487984,0.048597467,0.0073058663,2.624E-5,0.32008974,0.002261,7.6259561,0.02624,1.5729379,3.4418917,0.0018539757,98.645077,1446.352,1.727,1,,,,2.2435759E-6,6.8517833,5.0570942,0.0032487867,0
4614054.19,,5905,,2.3345,0.08,9.2E-6,2.3477664,0.051152056,0.0074910762,2.44E-5,0.35081147,0.002493,7.8418877,0.0244,0.6828761,3.3478599,0.00196217,98.612567,1497.4565,1.623,1,,,,2.3724495E-6,6.8837834,5.5120071,0.0031907247,0
4614098.64,,5905,,2.3335,0.08,9.2E-6,2.3474775,0.050322487,0.0074850612,2.518E-5,0.35089375,0.002494,7.8359549,0.02518,1.9017908,3.2933836,0.0017760918,98.725789,1497.6731,1.676,1,,,,2.4073375E-6,6.6957198,5.5106504,0.0031885551,0
4614142.7,,5905,,2.3351,0.08,9.3E-6,2.3473026,0.049825375,0.0075261611,2.857E-5,0.35083651,0.002493,7.8769976,0.02857,0.89098206,3.3186289,0.0014813525,98.941805,1494.83,1.886,1,,,,2.396755E-6,6.5867671,5.5098297,0.003206302,0
4614296.78,,5905,,2.4361,0.08,9.2E-6,2.4494346,0.053186053,0.0075540608,2.764E-5,0.37354537,0.002899,7.9276061,0.02764,0.46187249,3.1360453,0.0010205395,99.27087,1557.9478,1.896,1,,,,2.5447632E-6,6.6372579,5.9997298,0.0030840018,0
4614340.06,,5905,,2.4378,0.08,9.3E-6,2.4484807,0.05170761,0.0075850825,3.26E-5,0.37336413,0.002898,7.9584466,0.0326,0.5120561,3.215384,0.0016562623,98.836893,1555.2151,2.221,1,,,,2.5015874E-6,6.2720905,5.9950576,0.0030978731,0
4614384.48,,5905,,2.4358,0.08,9.2E-6,2.4487528,0.052822022,0.0075444884,2.656E-5,0.37343744,0.002898,7.9179258,0.02656,0.44938666,3.2140032,0.0015245928,98.935161,1558.1726,1.824,1,,,,2.487656E-6,6.430768,5.9963903,0.0030809514,0
4614536.77,,5905,,2.5462,0.08,9.2E-6,2.5547083,0.056711202,0.007495522,2.755E-5,0.39865114,0.002693,7.8941731,0.02755,1.0751563,3.0569242,0.0011970836,99.177866,1629.1263,1.991,1,,,,2.6016977E-6,6.4280064,6.5265345,0.0029340031,0
4614580.38,,5905,,2.5441,0.08,9.2E-6,2.5541304,0.055168684,0.0074846171,2.865E-5,0.39839563,0.002697,7.8830127,0.02865,0.9016736,3.0233602,0.0010354704,99.282099,1629.5484,2.074,1,,,,2.62437E-6,6.1138484,6.5235823,0.0029303973,0
4614623.78,,5905,,2.5454,0.08,9.2E-6,2.5540776,0.054479368,0.0075579776,2.894E-5,0.39837236,0.002698,7.95635,0.02894,1.1939642,3.049087,0.0010599236,99.264774,1624.2247,2.068,1,,,,2.6268668E-6,6.0467204,6.5233124,0.0029591809,0
4614773.23,,5905,,2.6571,0.08,9.2E-6,2.669393,0.057617211,0.0076951178,2.077E-5,0.44465332,0.002029,8.1397711,0.02077,0.72065421,2.9097957,0.0008012567,99.46453,1687.4127,1.515,1,,,,2.8108316E-6,6.098174,7.1256589,0.002882722,0
4614815.61,,5905,,2.6558,0.08,9.2E-6,2.6683023,0.056730673,0.0077448208,1.557E-5,0.44425142,0.002033,8.1890722,0.01557,0.71188038,3.0237489,0.0013963753,99.093407,1683.1073,1.127,1,,,,2.7304238E-6,5.8195914,7.1198374,0.0029025274,0
4614859.19,,5905,,2.658,0.08,9.2E-6,2.6692475,0.057776994,0.0077497303,1.694E-5,0.44470164,0.002029,8.194432,0.01694,1.1529438,3.0075663,0.0015091996,99.014596,1683.3479,1.225,1,,,,2.7488703E-6,6.0474978,7.1248822,0.002903339,0
4615010.38,,5905,,2.7762,0.08,9.2E-6,2.7864233,0.059881662,0.0080117538,1.927E-5,0.49243238,0.002133,8.5041862,0.01927,0.20562841,2.8973429,0.0012058706,99.232478,1737.8747,1.391,1,,,,2.9553251E-6,6.0151325,7.7641545,0.0028752824,0
4615053.27,,5905,,2.7743,0.08,9.2E-6,2.7857367,0.05928923,0.0080140642,2.654E-5,0.49222199,0.002131,8.5062862,0.02654,0.64103825,2.9760799,0.001894914,98.821268,1737.2796,1.914,1,,,,2.888499E-6,5.7946857,7.7603289,0.0028768204,0
4615096.14,,5905,,2.7763,0.08,9.2E-6,2.7859699,0.060908583,0.0078873019,2.347E-5,0.49237962,0.002132,8.3796815,0.02347,0.26390065,2.9704804,0.0021793206,98.65952,1746.6833,1.729,1,,,,2.8549671E-6,5.9521598,7.7616282,0.0028310794,0
4615246.75,,5905,,2.8956,0.08,9.2E-6,2.907453,0.062858323,0.0082466909,2.283E-5,0.54675714,0.002486,8.7934481,0.02283,0.71826664,2.9224259,0.0026820371,98.406754,1795.9741,1.654,1,,,,3.0518414E-6,5.9409607,8.4532829,0.002836397,0
4615288.14,,5905,,2.8947,0.08,9.2E-6,2.9075116,0.062209507,0.0082431325,2.563E-5,0.5466081,0.002486,8.7897406,0.02563,1.0235377,2.833314,0.0013511655,99.177137,1796.2687,1.858,1,,,,3.124931E-6,5.8448517,8.4536239,0.0028351159,0
4615328.42,,5905,,2.8968,0.08,9.2E-6,2.9069689,0.060770857,0.0083283952,2.646E-5,0.54685511,0.002486,8.8752503,0.02646,0.29567282,2.8697493,0.0013990064,99.151353,1789.7837,1.891,1,,,,3.1160124E-6,5.6666279,8.4504681,0.0028649757,0
4615478.78,,5905,,3.0256,0.08,9.2E-6,3.0343281,0.064975161,0.0085230853,2.284E-5,0.61112045,0.002925,9.1342058,0.02284,1.3887143,2.8656831,0.0019033416,98.92752,1853.8626,1.653,1,,,,3.2175508E-6,5.7394987,9.2071471,0.0028088872,0
4615519.95,,5905,,3.0251,0.08,9.2E-6,3.0347428,0.064865557,0.0085151025,2.62E-5,0.6112428,0.002927,9.1263453,0.0262,0.28099963,2.8140015,0.0016076129,99.079483,1854.6952,1.898,1,,,,3.269437E-6,5.7313663,9.2096636,0.0028058729,0
4615560.08,,5905,,3.0239,0.08,9.2E-6,3.0340642,0.064324026,0.008465185,2.86E-5,0.6108989,0.002921,9.0760839,0.0286,0.1407206,2.799659,0.001968125,98.870724,1857.9181,2.088,1,,,,3.274087E-6,5.6280029,9.2055458,0.002790048,0
4615707.69,,5905,,3.161,0.08,9.2E-6,3.1678564,0.067482716,0.0087235818,2.842E-5,0.67889893,0.003647,9.4024807,0.02842,0.30568621,2.7644654,0.0021555667,98.826048,1920.5009,2.081,1,,,,3.4359993E-6,5.5993181,10.035314,0.0027537807,0
4615749.41,,5905,,3.1613,0.08,9.2E-6,3.1684771,0.067153674,0.0087487317,2.873E-5,0.67916013,0.003647,9.4278918,0.02873,0.47076333,2.7372648,0.0012610388,99.307358,1919.0347,2.096,1,,,,3.4649707E-6,5.5289309,10.039247,0.0027611788,0
4615789.23,,5905,,3.1592,0.08,9.2E-6,3.1676813,0.066822205,0.0087351887,2.379E-5,0.67877364,0.003648,9.4139623,0.02379,1.0244334,2.7804088,0.0021650215,98.826136,1919.5437,1.739,1,,,,3.4204733E-6,5.4745296,10.034205,0.0027575971,0
4615938.27,,5905,,3.3022,0.08,9.2E-6,3.3093469,0.07177723,0.0088465785,2.733E-5,0.76822969,0.00308,9.6148082,0.02733,1.5850419,2.6868886,0.0020532897,98.95288,1996.9376,2.052,1,,,,3.6104993E-6,5.5608176,10.951777,0.0026732098,0
4615977.84,,5905,,3.2995,0.08,9.2E-6,3.3089104,0.068786425,0.009075138,2.836E-5,0.76772888,0.003079,9.8428669,0.02836,0.35997201,2.6532603,0.0016440454,99.133094,1979.7692,2.058,1,,,,3.7373203E-6,5.3737771,10.948888,0.0027426364,0
4616017.47,,5905,,3.2986,0.08,9.2E-6,3.308247,0.069678668,0.0089578326,2.903E-5,0.76756677,0.003079,9.7253994,0.02903,0.41838772,2.7359139,0.0025768997,98.692346,1987.975,2.143,1,,,,3.5947132E-6,5.3065206,10.944498,0.0027077278,0
4616171.44,,5905,,3.4438,0.08,9.2E-6,3.4566204,0.073861658,0.0093474003,3.109E-5,0.84668735,0.004045,10.194088,0.03109,1.1780005,2.6633909,0.0021803043,98.917067,2047.8685,2.266,1,,,,3.8627451E-6,5.4718277,11.948224,0.0027042022,0
4616210.81,,5905,,3.4425,0.08,9.2E-6,3.4562211,0.072024722,0.0095188857,2.661E-5,0.84636181,0.004042,10.365247,0.02661,0.88125916,2.6753405,0.0019863257,99.003016,2035.2612,1.893,1,,,,3.9072947E-6,5.3267817,11.945464,0.002754131,0
4616250.59,,5905,,3.4471,0.08,9.2E-6,3.4566411,0.072131366,0.0094630377,2.937E-5,0.84643545,0.004042,10.309473,0.02937,0.97751118,2.598932,0.00090164526,99.538184,2039.5049,2.105,1,,,,3.9823232E-6,5.350681,11.948367,0.0027376397,0
4616400.47,,5905,,3.6002,0.08,9.2E-6,3.609314,0.075313164,0.0097551385,4.435E-5,0.94719627,0.004433,10.702335,0.04435,0.93586715,2.5865748,0.00060283764,99.710537,2108.1145,3.185,1,,,,4.1476295E-6,5.197864,13.027148,0.002702768,0
4616440.61,,5905,,3.6008,0.08,9.2E-6,3.6088703,0.074979436,0.0098057661,3.242E-5,0.94694117,0.004431,10.752707,0.03242,0.93777645,2.6069123,0.0014125066,99.322266,2104.2215,2.314,1,,,,4.1481099E-6,5.1731496,13.023945,0.002717129,0
4616481.72,,5905,,3.597,0.08,9.3E-6,3.6086849,0.075879043,0.0098557853,3.53E-5,0.94706777,0.004432,10.802853,0.0353,0.0736992,2.6913534,0.0017944118,99.16171,2100.5478,2.502,1,,,,4.0421738E-6,5.2138246,13.022607,0.0027311294,0
4616631.69,,5905,,3.7591,0.08,9.2E-6,3.7699152,0.080168062,0.010361648,3.694E-5,1.0731105,0.00478,11.434758,0.03694,0.1767542,2.6669271,0.0020419327,99.094353,2158.0888,2.559,1,,,,4.3198163E-6,5.3827069,14.212261,0.0027485095,0
4616671.47,,5905,,3.7558,0.08,9.2E-6,3.770073,0.079731572,0.01031617,3.076E-5,1.073036,0.004781,11.389206,0.03076,1.3376613,2.6084144,0.0016684725,99.246804,2161.3458,2.144,1,,,,4.3935372E-6,5.3338542,14.21345,0.0027363316,0
4616711.41,,5905,,3.7541,0.08,9.3E-6,3.7697259,0.078818666,0.010208268,3.384E-5,1.07267,0.004785,11.280938,0.03384,0.33817718,2.5773676,0.0025342763,98.848739,2168.7347,2.391,1,,,,4.4187071E-6,5.2168288,14.210833,0.0027079603,0
4616858.91,,5905,,3.9199,0.08,9.2E-6,3.9361299,0.07850037,0.011242191,3.468E-5,1.2248614,0.002954,12.467053,0.03468,0.16403397,2.5630085,0.00092636689,99.590985,2192.808,2.25,1,,,,4.8804766E-6,5.1547353,15.493119,0.0028561535,0
4616898.17,,5905,,3.9237,0.08,9.3E-6,3.9366016,0.080330066,0.010909616,2.306E-5,1.2256877,0.002953,12.135304,0.02306,0.61099461,2.56729,0.0021288094,99.081551,2215.1323,1.559,1,,,,4.7623345E-6,5.1260169,15.496832,0.0027713285,0
4616937.59,,5905,,3.918,0.08,9.2E-6,3.9365893,0.08109913,0.010940272,2.975E-5,1.225887,0.002953,12.166159,0.02975,0.27643427,2.6201883,0.0017139582,99.274806,2213.0545,2.002,1,,,,4.6706838E-6,5.1345801,15.496735,0.0027791245,0
4617089.34,,5905,,4.0947,0.08,9.2E-6,4.1104554,0.08452174,0.011668692,2.328E-5,1.3933817,0.004196,13.062074,0.02328,0.34350643,2.6435197,0.0021304945,99.14994,2261.6791,1.502,1,,,,4.975002E-6,5.2403766,16.895844,0.0028387833,0
4617128.75,,5905,,4.096,0.08,9.2E-6,4.1118985,0.083865071,0.011687636,3.373E-5,1.3942035,0.004206,13.08184,0.03373,0.14627654,2.5542581,0.0023420734,99.031378,2261.2502,2.171,1,,,,5.1616033E-6,5.2870395,16.907709,0.0028423941,0
4617171.27,,5905,,4.0953,0.08,9.2E-6,4.1101878,0.083238967,0.011676091,3.712E-5,1.3932236,0.004194,13.069314,0.03712,0.45885878,2.6576581,0.0036880925,98.529872,2261.0542,2.391,1,,,,4.9762519E-6,5.1085162,16.893644,0.0028407681,0
4617322.22,,5905,,4.2815,0.08,9.2E-6,4.2924141,0.088076577,0.012347457,2.607E-5,1.5534584,0.005416,13.900916,0.02607,0.33127473,2.6059873,0.0025010165,99.027656,2317.6962,1.629,1,,,,5.3755865E-6,5.3153162,18.424819,0.0028765765,0
4617362.16,,5905,,4.2762,0.08,9.3E-6,4.2928188,0.086516105,0.012592619,4.423E-5,1.5538242,0.005417,14.146443,0.04423,0.030181712,2.6389168,0.0022243214,99.133499,2302.7738,2.69,1,,,,5.3978608E-6,5.2119745,18.428293,0.002933415,0
4617401.47,,5905,,4.2774,0.08,9.2E-6,4.2922541,0.086701313,0.012719438,3.355E-5,1.5534991,0.005416,14.272937,0.03355,0.23022487,2.6921366,0.0031719372,98.776394,2294.7931,2.014,1,,,,5.353933E-6,5.2778336,18.423446,0.002963347,0
4617559.25,,5905,,4.4662,0.08,9.2E-6,4.4842947,0.092626346,0.013033787,2.986E-5,1.7705359,0.0051,14.804323,0.02986,0.3006593,2.6041451,0.0019901613,99.271247,2378.034,1.813,1,,,,5.7172796E-6,5.3842731,20.108899,0.002906541,0
4617599.02,,5905,,4.4665,0.08,9.2E-6,4.4835708,0.091215096,0.013140104,3.466E-5,1.7699524,0.0051,14.910056,0.03466,1.0287889,2.6634419,0.0027041255,99.024219,2371.2202,2.081,1,,,,5.6409282E-6,5.2082902,20.102407,0.0029307229,0
4617638.53,,5905,,4.4706,0.08,9.2E-6,4.4835212,0.092238343,0.01314248,2.883E-5,1.7700075,0.0051,14.912488,0.02883,0.16883054,2.6575452,0.002909074,98.947356,2371.051,1.731,1,,,,5.6577943E-6,5.3268837,20.101962,0.0029312854,0
4617788.28,,5905,,4.6667,0.08,9.2E-6,4.6813828,0.097591936,0.013834013,5.648E-5,1.9475443,0.00645,15.781557,0.05648,0.048605094,2.7414387,0.0022350459,99.243251,2433.7291,3.303,1,,,,5.7904274E-6,5.3150904,21.915345,0.0029551124,0
4617828.17,,5905,,4.6635,0.08,9.2E-6,4.6828973,0.095579383,0.014314423,4.239E-5,1.9489433,0.006449,16.263366,0.04239,0.073918415,2.6675064,0.0026848644,99.040647,2406.9708,2.371,1,,,,6.1426395E-6,5.4828775,21.929527,0.003056745,0
4617867.73,,5905,,4.6617,0.08,9.2E-6,4.6821498,0.096423623,0.013935002,2.991E-5,1.9482445,0.00645,15.883246,0.02991,0.35601005,2.686575,0.0031839659,98.892035,2428.2334,1.735,1,,,,5.9631258E-6,5.3350128,21.922527,0.0029761973,0
4618021.36,,5905,,4.8626,0.08,9.3E-6,4.8890477,0.099269183,0.015206674,3.98E-5,2.2723566,0.007497,17.47903,0.0398,2.3157668,2.8190198,0.0026537731,99.164063,2462.7879,2.145,1,,,,6.2399917E-6,5.37315,23.902788,0.0031103549,0
4618062.28,,5905,,4.8716,0.08,9.2E-6,4.8910536,0.10324146,0.015009209,3.734E-5,2.2758525,0.007533,17.285062,0.03734,0.60292391,2.7772076,0.0025862429,99.182056,2474.556,2.049,1,,,,6.2626376E-6,5.6380397,23.922405,0.0030687068,0
4618106.53,,5905,,4.87,0.08,9.2E-6,4.8911739,0.10053492,0.015160092,3.912E-5,2.2753573,0.007528,17.435449,0.03912,1.2170019,2.7237702,0.0028970271,99.058077,2466.3799,2.118,1,,,,6.4472861E-6,5.5544152,23.923582,0.0030994793,0
4618260.55,,5905,,5.086,0.08,9.2E-6,5.1056147,0.10182332,0.016455658,4.078E-5,2.5453811,0.007162,19.001039,0.04078,0.18471847,2.8098776,0.0032571048,98.995757,2505.0925,2.066,1,,,,6.8137405E-6,5.4475403,26.067301,0.0032230512,0
4618301,,5905,,5.0873,0.08,9.2E-6,5.1071663,0.10429128,0.016299706,5.098E-5,2.5475074,0.007172,18.847214,0.05098,0.4587731,2.7471402,0.002982031,99.06704,2513.8203,2.616,1,,,,6.909044E-6,5.6197552,26.083148,0.0031915362,0
4618340.36,,5905,,5.0857,0.08,9.2E-6,5.1063404,0.10150663,0.016636842,4.456E-5,2.5461979,0.007166,19.18304,0.04456,0.50846892,2.7807035,0.0033754707,98.939761,2496.3202,2.224,1,,,,6.9542999E-6,5.4942803,26.074712,0.0032580753,0
4618494.95,,5905,,5.3068,0.08,9.2E-6,5.3305082,0.10487068,0.01831047,4.281E-5,2.9048328,0.006684,21.215303,0.04281,0.32749462,3.0031947,0.0039878034,98.870033,2523.9627,1.964,1,,,,7.1244661E-6,5.561407,28.414318,0.0034350328,0
4618537.53,,5905,,5.3096,0.08,9.2E-6,5.3350756,0.11060399,0.017823574,3.948E-5,2.9086013,0.006579,20.732175,0.03948,0.12431146,2.8254947,0.0030397731,99.104142,2548.9215,1.879,1,,,,7.3866141E-6,6.0063895,28.463032,0.0033408287,0
4618577.63,,5905,,5.3149,0.08,9.2E-6,5.3318355,0.10708244,0.018168928,3.604E-5,2.9068905,0.006627,21.075819,0.03604,0.15578697,2.9765809,0.0028436803,99.193331,2531.13,1.671,1,,,,7.1233801E-6,5.6509893,28.42847,0.0034076311,0
4618738.28,,5905,,5.5463,0.08,9.2E-6,5.5705187,0.11075645,0.019628438,5.093E-5,3.2783228,0.007513,22.906761,0.05093,0.7463538,2.8735052,0.0026802775,99.236645,2577.1987,2.225,1,,,,8.0167806E-6,5.9531618,31.030679,0.0035236284,0
4618779.59,,5905,,5.5399,0.08,9.2E-6,5.5686819,0.10876712,0.020032678,4.3E-5,3.2756035,0.007515,23.308282,0.043,0.30315406,2.9909891,0.0038799381,98.920384,2558.9016,1.828,1,,,,7.855742E-6,5.7470104,31.010218,0.0035973824,0
4618822.13,,5905,,5.5447,0.08,9.2E-6,5.5704516,0.11276851,0.019657318,4.157E-5,3.279249,0.007512,22.936567,0.04157,1.2209831,2.9637604,0.0033206862,99.081591,2575.905,1.813,1,,,,7.791757E-6,5.9819782,31.029931,0.0035288553,0
4618983.88,,5905,,5.7893,0.08,9.2E-6,5.8162456,0.11229184,0.021942994,4.486E-5,3.7202175,0.005848,25.663211,0.04486,1.7287235,3.0665789,0.0031589467,99.165668,2592.7358,1.765,1,,,,8.4202073E-6,5.9275207,33.828713,0.0037727076,0
4619026.48,,5905,,5.7924,0.08,9.2E-6,5.8183353,0.11613566,0.02142102,3.999E-5,3.7236293,0.005898,25.144649,0.03999,0.37126839,2.9851768,0.002804352,99.252817,2614.5655,1.625,1,,,,8.4692329E-6,6.1331578,33.853025,0.0036816407,0
4619069.23,,5905,,5.7886,0.08,9.2E-6,5.816897,0.11388131,0.02187384,6.235E-5,3.7220281,0.005875,25.595868,0.06235,0.26620267,3.1180643,0.0048454396,98.742113,2595.7559,2.462,1,,,,8.2853889E-6,5.9703537,33.836291,0.0037603967,0
4619234.69,,5905,,6.0469,0.08,9.2E-6,6.0741781,0.12175284,0.023505208,6.996E-5,4.1163794,0.007151,27.621588,0.06996,0.024470251,3.2580909,0.003214496,99.219265,2646.348,2.62,1,,,,8.526201E-6,6.2361286,36.895639,0.0038696937,0
4619277.98,,5905,,6.0454,0.08,9.2E-6,6.0759178,0.12345054,0.023848114,4.839E-5,4.119134,0.007156,27.967248,0.04839,0.16948481,3.2512062,0.0048833479,98.797393,2634.3573,1.779,1,,,,8.6783664E-6,6.5161818,36.916777,0.0039250224,0
4619321.45,,5905,,6.046,0.08,9.2E-6,6.0762891,0.12495677,0.023849725,5.405E-5,4.1201707,0.007158,27.969896,0.05405,0.19410717,3.3444114,0.0039014813,99.06727,2634.459,1.987,1,,,,8.4204925E-6,6.5024123,36.921289,0.0039250478,0
4619493.52,,5905,,6.3142,0.08,9.2E-6,6.3428649,0.13196922,0.024989444,4.332E-5,4.5198969,0.008784,29.509341,0.04332,0.15960424,3.3339055,0.0044279913,98.971379,2707.5764,1.563,1,,,,8.9173414E-6,6.6888228,40.231936,0.0039397724,0
4619536.55,,5905,,6.3116,0.08,9.3E-6,6.3427009,0.13172746,0.025288519,4.44E-5,4.5200575,0.008784,29.808577,0.0444,1.5522092,3.3883052,0.0052746958,98.783278,2696.7906,1.576,1,,,,8.8755999E-6,6.667811,40.229854,0.0039870269,0
4619581.14,,5905,,6.3146,0.08,9.2E-6,6.3436957,0.13234306,0.025456743,3.598E-5,4.5210894,0.008787,29.977832,0.03598,1.6570322,3.3417171,0.0026728069,99.373724,2691.2592,1.267,1,,,,9.0115885E-6,6.7766104,40.242475,0.0040129199,0
4619749.03,,5905,,6.5924,0.08,9.2E-6,6.6221088,0.13360552,0.027795665,5.767E-5,4.9779675,0.01022,32.773633,0.05767,3.3417439,3.5250329,0.0052773506,98.831754,2728.2535,1.884,1,,,,9.3765675E-6,6.6834343,43.852324,0.0041974039,0
4619794.66,,5905,,6.5898,0.08,9.2E-6,6.6255114,0.13732769,0.027918666,6.78E-5,4.9798362,0.01022,32.898502,0.0678,0.83154261,3.3928839,0.0018516729,99.574346,2725.6408,2.203,1,,,,9.726191E-6,7.0500659,43.897401,0.0042138129,0
4619838.66,,5905,,6.595,0.08,9.2E-6,6.6228614,0.1348215,0.027857397,6.778E-5,4.9792478,0.01022,32.836645,0.06778,0.23175985,3.4764125,0.0045987018,98.96696,2726.5466,2.208,1,,,,9.5166102E-6,6.7857679,43.862294,0.0042062479,0
4620006.92,,5905,,6.8799,0.08,9.2E-6,6.918078,0.13808735,0.030300582,8.032E-5,5.6557738,0.01009,35.956355,0.08032,0.3970154,3.5240446,0.0047505699,98.978579,2769.377,2.443,1,,,,1.0278025E-5,6.952825,47.859803,0.0043799133,0
4620052,,5905,,6.881,0.08,9.2E-6,6.9184385,0.13994835,0.030854494,5.503E-5,5.6579552,0.01009,36.512449,0.05503,0.22171136,3.6496239,0.0045897905,99.035579,2752.8511,1.635,1,,,,1.00741E-5,7.0480893,47.864791,0.0044597483,0
4620098.83,,5905,,6.8844,0.08,9.2E-6,6.9196529,0.14369171,0.030935777,5.231E-5,5.6620857,0.01009,36.597863,0.05231,3.2072573,3.725644,0.0048690276,98.996282,2750.9207,1.549,1,,,,9.8944886E-6,7.2992477,47.881597,0.0044707122,0
4620272.86,,5905,,7.1893,0.08,9.2E-6,7.2233312,0.14357356,0.035033542,7.783E-5,6.3507812,0.01353,41.384323,0.07783,1.3714162,3.892135,0.0044315607,99.120157,2755.0131,2.037,1,,,,1.0700523E-5,7.4512881,52.176514,0.0048500534,0
4620319.41,,5905,,7.1903,0.08,9.2E-6,7.2256638,0.14905428,0.034717587,7.997E-5,6.357986,0.01357,41.075573,0.07997,0.81683367,3.8937633,0.0056343153,98.888596,2764.2378,2.119,1,,,,1.0633889E-5,7.7842701,52.210217,0.0048047609,0
4620366.25,,5905,,7.1918,0.08,9.2E-6,7.2255523,0.14667464,0.0351157,0.0001057,6.3564613,0.01357,41.472161,0.1057,0.056188912,3.820482,0.0055011362,98.885026,2753.7094,2.758,1,,,,1.0943098E-5,7.7875265,52.208606,0.0048599329,0
4620538.5,,5905,,7.5063,0.08,9.3E-6,7.54359,0.14641406,0.039107469,7.616E-5,7.1581557,0.01483,46.265625,0.07616,1.8992875,4.0862494,0.0047033494,99.116503,2773.5678,1.798,1,,,,1.1394465E-5,7.6409639,56.90575,0.0051841987,0
4620587.45,,5905,,7.5028,0.08,9.2E-6,7.5469553,0.15552831,0.038799371,8.609E-5,7.1642962,0.01485,45.963667,0.08609,0.12089573,4.116281,0.0038016157,99.295944,2782.1305,2.055,1,,,,1.1222778E-5,8.1724987,56.956535,0.0051410628,0
4620636.14,,5905,,7.5094,0.08,9.2E-6,7.5471956,0.15431367,0.039016599,8.974E-5,7.1647296,0.01486,46.181329,0.08974,0.47805747,4.0895865,0.0055541314,98.959165,2777.0461,2.126,1,,,,1.1377313E-5,8.232562,56.960162,0.0051696817,0
4620816.23,,5905,,7.8409,0.08,9.2E-6,7.8797377,0.15353005,0.044020473,7.205E-5,7.9927823,0.01267,52.013256,0.07205,0.98623798,4.3416601,0.0053018437,99.057153,2785.1007,1.518,1,,,,1.2061815E-5,8.1791731,62.090266,0.0055865405,0
4620865.98,,5905,,7.8397,0.08,9.2E-6,7.8828572,0.15993717,0.044021542,8.583E-5,8.0041367,0.01291,52.025678,0.08583,0.17161448,4.3481424,0.0061112903,98.915196,2786.1808,1.808,1,,,,1.2059119E-5,8.6833203,62.139438,0.0055844652,0
4620915.47,,5905,,7.8343,0.08,9.2E-6,7.8840077,0.15970457,0.043927243,0.0001079,8.0065692,0.01296,51.933812,0.1079,0.4180077,4.2888549,0.005176732,99.070614,2788.58,2.279,1,,,,1.2190384E-5,8.6962848,62.157578,0.0055716895,0
4621093.33,,5905,,8.1885,0.08,9.3E-6,8.2300101,0.15905721,0.049371351,6.661E-5,8.9443624,0.0128,58.315713,0.06661,2.6669862,4.6222547,0.0062690234,98.950705,2799.7729,1.258,1,,,,1.2712316E-5,8.5777099,67.733066,0.0059989417,0
4621146.33,,5905,,8.1862,0.08,9.2E-6,8.234578,0.16754671,0.049314469,7.579E-5,8.9547013,0.01287,58.269171,0.07579,0.35288359,4.5893227,0.0059417221,99.000183,2802.4034,1.434,1,,,,1.2788645E-5,9.2445094,67.808274,0.0059887063,0
4621198.28,,5905,,8.1842,0.08,9.3E-6,8.2341648,0.16705452,0.049335353,7.019E-5,8.953393,0.01286,58.288746,0.07019,0.81658121,4.607056,0.0055041438,99.07733,2801.8674,1.328,1,,,,1.2736568E-5,9.1786453,67.80147,0.0059915431,0
4621383.27,,5905,,8.548,0.08,9.2E-6,8.5949506,0.16747273,0.054295782,0.0001222,9.9650033,0.0157,64.260786,0.1222,0.16196086,4.6758374,0.0059880342,99.018427,2832.7095,2.121,1,,,,1.3840546E-5,9.2141121,73.873175,0.0063171721,0
4621435.34,,5905,,8.5512,0.08,9.3E-6,8.5966002,0.16842107,0.055572469,0.000138,9.970873,0.01574,65.543342,0.138,0.073046245,4.7630253,0.0046341491,99.243157,2811.3886,2.324,1,,,,1.383638E-5,9.3516747,73.901534,0.0064644706,0
4621487.98,,5905,,8.5475,0.08,9.2E-6,8.5959799,0.17274843,0.055436809,9.917E-5,9.9730834,0.01575,65.409893,0.09917,3.554561,4.9588406,0.0074418419,98.832628,2813.4769,1.676,1,,,,1.3302645E-5,9.5260505,73.89087,0.0064491553,0
4621674.78,,5905,,8.919,0.08,9.2E-6,8.9763332,0.17669113,0.061924705,0.0001479,11.109072,0.01706,73.033776,0.1479,0.19092467,5.1401541,0.006078297,99.079371,2831.5542,2.251,1,,,,1.4303507E-5,9.9176811,80.574558,0.0068986638,0
4621730.16,,5905,,8.9221,0.08,9.2E-6,8.978834,0.1832969,0.061876062,0.0001155,11.114176,0.01708,72.990238,0.1155,2.4763746,5.2153618,0.0069675644,98.960249,2833.0851,1.761,1,,,,1.4101055E-5,10.280308,80.61946,0.0068913249,0
4621786.47,,5905,,8.9226,0.08,9.2E-6,8.9794122,0.18356704,0.062356138,9.646E-5,11.115865,0.01708,73.472003,0.09646,15.201647,5.2083375,0.0065865196,99.010771,2825.9778,1.456,1,,,,1.4208263E-5,10.430724,80.629844,0.0069443452,0
4621976.16,,5905,,9.3168,0.08,9.2E-6,9.3733791,0.18310059,0.070623819,0.0001162,12.311491,0.0113,82.93531,0.1162,0.23723493,5.5718412,0.0076763681,98.904662,2830.0433,1.55,1,,,,1.5004424E-5,10.416675,87.860235,0.0075345101,0
4622033.91,,5905,,9.3187,0.08,9.2E-6,9.3786296,0.19314868,0.06952488,0.0001572,12.32541,0.01132,81.85029,0.1572,0.40512508,5.4418811,0.0067049005,99.03255,2846.4699,2.142,1,,,,1.5146953E-5,11.143682,87.958693,0.0074131172,0
4622090.98,,5905,,9.3219,0.08,9.2E-6,9.3773389,0.19108826,0.069721201,0.0001148,12.327511,0.01133,82.048712,0.1148,15.740578,5.5299057,0.0067968858,99.033091,2843.4043,1.559,1,,,,1.4942004E-5,10.883762,87.934484,0.0074350732,0
4622288,,5905,,9.7312,0.08,9.2E-6,9.7907235,0.19376574,0.077599111,0.0001301,13.790339,0.01607,91.38945,0.1301,4.3480795,5.7675063,0.0071234583,99.031842,2864.6828,1.599,1,,,,1.59574E-5,11.059811,95.858267,0.007925779,0
4622346.36,,5905,,9.7368,0.08,9.2E-6,9.7932082,0.19914941,0.078212078,0.0001237,13.800147,0.01608,92.012226,0.1237,2.5600842,5.7908746,0.006836787,99.070045,2857.9046,1.505,1,,,,1.5997069E-5,11.535013,95.906927,0.0079863592,0
4622405.08,,5905,,9.7322,0.08,9.2E-6,9.7935559,0.20022758,0.078494772,0.0001525,13.803101,0.01608,92.297874,0.1525,0.49126677,5.8954838,0.0084751021,98.863867,2854.571,1.846,1,,,,1.5786005E-5,11.581749,95.913738,0.008014941,0
4622602.81,,5905,,10.1629,0.08,9.2E-6,10.232538,0.20266818,0.08806141,0.0001511,15.320379,0.01598,103.38179,0.1511,4.0381069,6.2188901,0.0079045665,98.988403,2870.359,1.64,1,,,,1.6747255E-5,11.790968,104.70483,0.0086060185,0
4622664.63,,5905,,10.1626,0.08,9.2E-6,10.239003,0.21202699,0.088059903,0.00015,15.34088,0.01597,103.40078,0.15,8.7497013,6.2381763,0.0077984908,99.006099,2872.189,1.629,1,,,,1.6696321E-5,12.43778,104.83719,0.008600437,0
4622727.16,,5905,,10.1618,0.08,9.2E-6,10.240028,0.21150915,0.088313093,0.0001436,15.344184,0.01597,103.65728,0.1436,13.416596,6.2316729,0.0074041283,99.053806,2869.7288,1.554,1,,,,1.6749412E-5,12.476353,104.85817,0.008624302,0
4622930.11,,5905,,10.6107,0.08,9.3E-6,10.689442,0.21185407,0.099228742,0.000166,17.136566,0.01853,116.36531,0.166,12.238757,6.6878355,0.0091102355,98.909784,2881.5308,1.605,1,,,,1.7539195E-5,12.463346,114.26416,0.0092828743,0
4622994.59,,5905,,10.6111,0.08,9.2E-6,10.695757,0.22182515,0.099284621,0.00015,17.158775,0.01857,116.4434,0.15,12.179981,6.5771975,0.0074205596,99.098311,2882.6922,1.451,1,,,,1.782135E-5,13.375671,114.39921,0.0092826177,0
4623059.48,,5905,,10.6099,0.08,9.2E-6,10.694025,0.22084347,0.099056928,0.0001676,17.151796,0.01855,116.20872,0.1676,24.686651,6.6313888,0.0078376009,99.056499,2884.4321,1.625,1,,,,1.7645464E-5,13.154395,114.36217,0.0092628293,0
4623264.38,,5905,,11.0798,0.08,9.2E-6,11.163785,0.2212533,0.11114535,0.0001698,19.135249,0.02195,130.2806,0.1698,16.688338,7.0143016,0.0081787775,99.065433,2897.7561,1.474,1,,,,1.8701245E-5,13.262778,124.6301,0.009955884,0
4623329.38,,5905,,11.0799,0.08,9.3E-6,11.168035,0.23076588,0.11138225,0.0001828,19.157841,0.02199,130.54009,0.1828,14.577451,7.0613613,0.0087576228,99.005007,2896.8027,1.583,1,,,,1.862196E-5,14.028603,124.72501,0.0099733073,0
4623396.11,,5905,,11.0798,0.08,9.2E-6,11.169193,0.23210195,0.11141898,0.0001838,19.156052,0.02198,130.57503,0.1838,20.496038,7.0571958,0.0084497981,99.039279,2896.7846,1.591,1,,,,1.8633236E-5,14.122723,124.75087,0.0099755623,0
4623610.5,,5905,,11.57,0.08,9.2E-6,11.659178,0.23207012,0.12501912,0.0002,21.18444,0.02566,146.20356,0.2,19.88805,7.5380852,0.0093185078,98.997585,2909.9796,1.55,1,,,,1.9539098E-5,14.114392,135.93644,0.010722807,0
4623679.06,,5905,,11.57,0.08,9.2E-6,11.665474,0.24296614,0.12528401,0.0002048,21.214776,0.02572,146.49879,0.2048,19.329882,7.5168769,0.0088395506,99.046177,2909.4974,1.584,1,,,,1.962674E-5,15.07617,136.08328,0.010739727,0
4623747.27,,5905,,11.5697,0.08,9.2E-6,11.664564,0.24285697,0.1252251,0.0002024,21.211032,0.02571,146.43613,0.2024,15.621689,7.5144967,0.0091179942,99.015886,2909.7268,1.566,1,,,,1.9628961E-5,15.033754,136.06206,0.010735514,0
4623962.98,,5905,,12.0819,0.08,9.2E-6,12.175874,0.24276925,0.14017523,0.0002136,23.358957,0.02944,163.53419,0.2136,14.564049,8.0243737,0.0097908157,98.998691,2925.211,1.485,1,,,,2.0531316E-5,15.028993,148.2519,0.01151254,0
4624035.39,,5905,,12.0821,0.08,9.2E-6,12.181872,0.25546364,0.14042962,0.000234,23.383531,0.02948,163.81315,0.234,3.2465606,8.0439676,0.0098102331,98.9986,2924.8838,1.623,1,,,,2.0516289E-5,16.048747,148.39801,0.011527753,0
4624116.05,,5905,,12.0821,0.08,9.2E-6,12.176728,0.25592121,0.14051159,0.000296,23.362517,0.02945,163.87411,0.296,0.38022443,8.0929853,0.010162292,98.967692,2923.08,2.05,1,,,,2.0404386E-5,16.087935,148.2727,0.011539355,0
4624335.66,,5905,,12.6163,0.08,9.2E-6,12.71488,0.25674044,0.15658417,0.0002453,25.743247,0.03297,182.32742,0.2453,1.7208824,8.5265962,0.010155315,99.013101,2944.0407,1.536,1,,,,2.1540764E-5,16.185971,161.66816,0.012315034,0
4624411.39,,5905,,12.6162,0.08,9.2E-6,12.721224,0.26794821,0.15703791,0.000247,25.770641,0.033,182.80855,0.247,21.473514,8.5594984,0.0098936671,99.041089,2942.6702,1.541,1,,,,2.1510158E-5,17.053192,161.82955,0.012344559,0
4624486.94,,5905,,12.6162,0.08,9.2E-6,12.722057,0.26820122,0.15681843,0.0002608,25.774073,0.03301,182.5925,0.2608,27.78677,8.5215867,0.0099258063,99.034732,2944.2352,1.631,1,,,,2.1581281E-5,17.118997,161.85074,0.012326499,0
4624715.09,,5905,,13.1739,0.08,9.2E-6,13.278216,0.26814442,0.17552621,0.000284,28.467754,0.03589,203.99397,0.284,22.633757,9.1558785,0.01098833,98.995627,2959.6467,1.594,1,,,,2.2447669E-5,17.043173,176.31101,0.013219112,0
4624795.13,,5905,,13.1742,0.08,9.2E-6,13.286988,0.28265681,0.17582917,0.0002983,28.503625,0.03592,204.3328,0.2983,4.248699,9.139054,0.010462221,99.04185,2959.9001,1.672,1,,,,2.2518546E-5,18.311757,176.54404,0.013233185,0
4624874.17,,5905,,13.1741,0.08,9.2E-6,13.286472,0.28191511,0.17580938,0.0002863,28.508172,0.03592,204.31755,0.2863,8.8035386,9.1101509,0.010199078,99.063269,2959.8963,1.605,1,,,,2.2584658E-5,18.278108,176.53034,0.013232209,0
4625107.95,,5905,,13.7559,0.08,9.2E-6,13.868882,0.2806663,0.19728113,0.000322,31.581942,0.03815,228.86307,0.322,23.18234,9.7647192,0.011687227,98.988791,2973.2201,1.616,1,,,,2.3615873E-5,18.220302,192.34588,0.014224732,0
4625192.08,,5905,,13.7565,0.08,9.2E-6,13.877912,0.29547607,0.19770763,0.0003325,31.621309,0.03817,229.32894,0.3325,15.225909,9.7324506,0.01072142,99.069032,2973.015,1.665,1,,,,2.3728087E-5,19.529438,192.59643,0.014246209,0
4625276,,5905,,13.7564,0.08,9.2E-6,13.877054,0.29475706,0.1976746,0.000322,31.61617,0.03817,229.29077,0.322,12.559322,9.7286436,0.010554517,99.083234,2972.9969,1.612,1,,,,2.3730881E-5,19.464901,192.57263,0.014244709,0
4625515.25,,5905,,14.3651,0.08,9.3E-6,14.484114,0.29381845,0.22177898,0.0003446,34.955359,0.04079,256.73434,0.3446,1.6427518,10.400236,0.011369324,99.066218,2986.294,1.545,1,,,,2.485926E-5,19.457287,209.78955,0.015311878,0
4625602.64,,5905,,14.365,0.08,9.3E-6,14.493319,0.30844171,0.22223561,0.0003583,35.006707,0.04084,257.24231,0.3583,6.2278679,10.414625,0.011244093,99.077434,2986.1439,1.603,1,,,,2.4871949E-5,20.800471,210.05629,0.015333659,0
4625690.67,,5905,,14.3653,0.08,9.2E-6,14.493672,0.30895577,0.22214278,0.0003582,35.008738,0.04084,257.15151,0.3582,6.3786481,10.402551,0.01117657,99.082251,2986.6325,1.604,1,,,,2.4891097E-5,20.829249,210.06652,0.015326881,0
4625938.31,,5905,,15,0.08,9.2E-6,15.125045,0.30836323,0.24853058,0.0003735,38.544632,0.04518,287.07521,0.3735,83.913688,11.190642,0.012686077,99.019902,3002.2776,1.502,1,,,,2.5843674E-5,20.805102,228.76699,0.016431725,0
4626030.8,,5905,,15,0.08,9.3E-6,15.135246,0.32499705,0.24883833,0.0003903,38.602494,0.04527,287.44082,0.3903,51.386071,11.149672,0.011963067,99.072793,3003.0635,1.568,1,,,,2.596122E-5,22.381284,229.07569,0.016440983,0
4626122.84,,5905,,15.0003,0.08,9.2E-6,15.135451,0.32469861,0.24887376,0.0004001,38.604127,0.04527,287.47789,0.4001,21.586206,11.191362,0.011980238,99.074863,3002.9616,1.607,1,,,,2.5867443E-5,22.299344,229.08189,0.016443102,0
4626387.03,,5905,,15.4998,0.08,9.2E-6,15.630887,0.32070492,0.27061625,0.0004142,41.43953,0.04982,312.05578,0.4142,18.41274,11.792517,0.013188185,99.02403,3015.8732,1.537,1,,,,2.6658547E-5,21.267755,244.32463,0.017312917,0
4626482.92,,5905,,15.5001,0.08,9.3E-6,15.640041,0.33739928,0.27141813,0.0004318,41.476183,0.04989,312.89431,0.4318,4.8217696,11.778377,0.012062862,99.105241,3014.6647,1.597,1,,,,2.6745802E-5,23.585034,244.61088,0.017354055,0
4626580.89,,5905,,15.4994,0.08,9.2E-6,15.641347,0.33777512,0.27094393,0.0004305,41.484092,0.0499,312.42802,0.4305,10.231886,11.781457,0.012289753,99.089882,3016.6743,1.596,1,,,,2.6701995E-5,23.556754,244.65173,0.017322289,0
4626876.58,,5905,,16.9393,0.08,9.2E-6,17.074565,0.33331943,0.34779923,0.0005764,50.468924,0.06261,398.26816,0.5764,33.84517,13.868035,0.014813134,99.029783,3030.0804,1.672,1,,,,2.8933228E-5,23.562915,291.54078,0.020369434,0
4626984.97,,5905,,16.94,0.08,9.2E-6,17.095716,0.3701932,0.34960726,0.0006003,50.599602,0.06276,400.20687,0.6003,10.012287,13.78644,0.013169457,99.131113,3028.5949,1.731,1,,,,2.9223377E-5,27.736071,292.26351,0.020449992,0
4627092.06,,5905,,16.9391,0.08,9.2E-6,17.097821,0.36911761,0.34964597,0.0006457,50.623483,0.06279,400.26946,0.6457,5.6545994,13.832584,0.013878417,99.087426,3028.8559,1.862,1,,,,2.9140268E-5,27.57288,292.33547,0.020449739,0
4627409.72,,5905,,18.5123,0.08,9.2E-6,18.68234,0.43263958,0.33043734,0.002414,61.888829,0.07894,392.32617,2.414,1730.1705,13.28615,0.029281804,98.329277,3372.4761,8.172,1,,,,2.9885675E-5,27.665168,349.02981,0.01768715,0
4627513.91,,5905,,18.5121,0.08,9.2E-6,18.680718,0.42601441,0.33117879,0.002421,61.881445,0.07892,393.06024,2.421,51.397282,13.217991,0.026516393,98.477767,3369.6648,8.17,1,,,,3.0063744E-5,26.572299,348.96921,0.017728376,0
4627618.14,,5905,,18.5122,0.08,9.2E-6,18.681537,0.42504566,0.33080005,0.002417,61.885507,0.07893,392.68556,2.417,105.12205,13.171484,0.026308756,98.485674,3371.0983,8.17,1,,,,3.0139281E-5,26.435982,348.99984,0.017707325,0
4627938.5,,5905,,20.23,0.08,9.2E-6,20.447218,0.49397405,0.28541018,0.0003698,75.184099,0.1066,360.59428,0.3698,63.754226,10.610778,0.013953438,99.201511,3875.775,1.673,1,,,,3.4155367E-5,26.342967,418.0887,0.013958387,0
4628026.86,,5905,,20.2299,0.08,9.2E-6,20.421777,0.44276437,0.28454737,0.0003335,75.029577,0.1063,359.57694,0.3335,18.021602,10.62088,0.016652829,99.048102,3874.8612,1.513,1,,,,3.4059736E-5,21.221555,417.04896,0.013933527,0
4628114.89,,5905,,20.23,0.08,9.2E-6,20.424147,0.44397911,0.28423011,0.0003452,75.048179,0.1063,359.27829,0.3452,8.6088436,10.598863,0.016084612,99.079486,3876.7524,1.568,1,,,,3.4095219E-5,21.241761,417.14579,0.013916376,0
4628421.77,,5905,,22.108,0.08,9.2E-6,22.302757,0.44947096,0.34071628,0.0005149,90.558676,0.1343,431.27496,0.5149,1.8868084,11.928802,0.019859015,98.993865,3985.122,2.005,1,,,,3.6383813E-5,21.197727,497.41298,0.015276868,0
4628518.2,,5905,,22.1077,0.08,9.2E-6,22.323168,0.48633774,0.34179738,0.0005056,90.708861,0.1346,432.50624,0.5056,4.863456,11.859217,0.017876345,99.088418,3984.5592,1.963,1,,,,3.6679906E-5,23.857605,498.32383,0.015311329,0
4628614.44,,5905,,22.1079,0.08,9.2E-6,22.322318,0.48417762,0.34203629,0.0004971,90.698969,0.1346,432.73526,0.4971,2.8876413,11.848641,0.017240042,99.119736,3983.4796,1.928,1,,,,3.6724861E-5,23.718434,498.2859,0.015322615,0
4628935,,5905,,24.1609,0.08,9.2E-6,24.365264,0.48175695,0.42169356,0.0006068,108.66398,0.1796,530.35754,0.6068,7.8435141,13.68974,0.020961467,99.057708,4054.957,1.943,1,,,,3.8974587E-5,23.697281,593.66607,0.017307162,0
4629041.14,,5905,,24.1609,0.08,9.2E-6,24.392407,0.52939731,0.42349723,0.000645,108.89944,0.1802,532.39667,0.645,8.3903464,13.675004,0.01966537,99.114048,4053.703,2.057,1,,,,3.915262E-5,27.37948,594.98952,0.017361847,0
4629148.5,,5905,,24.1613,0.08,9.2E-6,24.393411,0.5291486,0.42352227,0.0006442,108.90758,0.1802,532.42985,0.6442,2.4545562,13.658951,0.019470318,99.121831,4053.79,2.054,1,,,,3.9199118E-5,27.350008,595.03851,0.017362158,0
4629486.59,,5905,,26.4039,0.08,9.3E-6,26.628358,0.5210212,0.52813803,0.0007958,129.69806,0.2331,657.83609,0.7958,6.7483736,16.050223,0.024495385,99.033069,4111.2685,2.063,1,,,,4.1244436E-5,27.317901,709.06946,0.019833669,0
4629608.66,,5905,,26.4043,0.08,9.2E-6,26.661929,0.5792554,0.53039639,0.000835,129.98669,0.2338,660.38307,0.835,2.4206427,15.975599,0.02103732,99.164983,4110.601,2.155,1,,,,4.1561816E-5,32.100445,710.85847,0.019893399,0
4629730.45,,5905,,26.4039,0.08,9.2E-6,26.66244,0.57801986,0.53026351,0.0008447,129.991,0.2338,660.25451,0.8447,2.0785223,15.987403,0.021355558,99.153093,4111.0231,2.181,1,,,,4.1526251E-5,31.951198,710.88572,0.019888034,0
4630095.33,,5905,,28.8542,0.08,9.2E-6,29.095965,0.56670024,0.66608179,0.001026,154.60939,0.2911,820.69118,1.026,4.7748117,18.911766,0.027215158,99.055941,4157.8701,2.133,1,,,,4.3668627E-5,31.974805,846.57519,0.022892583,0
4630234.08,,5905,,28.855,0.08,9.3E-6,29.134175,0.63211513,0.66855785,0.001101,154.99229,0.292,823.55013,1.101,1.7723916,18.799399,0.023977795,99.162913,4158.1843,2.279,1,,,,4.4051276E-5,37.823533,848.80018,0.022947547,0
4630372.67,,5905,,28.8554,0.08,9.2E-6,29.13423,0.62973793,0.66860231,0.001073,154.98946,0.292,823.59178,1.073,1.2385144,18.78569,0.023485609,99.179499,4158.0999,2.223,1,,,,4.4080775E-5,37.598799,848.80337,0.02294903,0
4630762.7,,5905,,31.534,0.08,9.2E-6,31.79983,0.61168029,0.84230501,0.001291,184.64482,0.3546,1026.9498,1.291,2.6760943,22.310735,0.030520976,99.069331,4202.2556,12.05,1,,,,4.6320696E-5,37.57138,1011.2292,0.02648772,0
4630944.86,,5905,,31.5342,0.08,9.2E-6,31.841774,0.68459915,0.84751788,0.001355,185.08935,0.3555,1032.6072,1.355,19.646569,22.272371,0.02731782,99.163822,4199.1536,2.235,1,,,,4.6626379E-5,44.621471,1013.8986,0.026616541,0
4631104.61,,5905,,31.5344,0.08,9.3E-6,31.843535,0.68331822,0.84688038,0.001361,185.10415,0.3555,1031.9845,1.361,0.96654674,22.182513,0.026001876,99.201414,4200.4392,2.248,1,,,,4.6774945E-5,44.544743,1014.0107,0.026595049,0
4631527.34,,5905,,34.462,0.08,9.2E-6,34.751746,0.6606364,1.0622117,0.001577,220.00963,0.422,1282.2214,1.577,1.4228068,26.452452,0.035126291,99.062482,4250.6343,2.102,1,,,,4.8787927E-5,44.365025,1207.6838,0.030565708,0
4631739.05,,5905,,34.4604,0.08,9.2E-6,34.800448,0.74186573,1.0673753,0.001591,220.55008,0.4231,1287.9254,1.591,2.4788534,26.28069,0.030732016,99.173447,4249.7163,2.11,1,,,,4.928739E-5,52.904903,1211.0712,0.030671309,0
4631949.14,,5905,,34.4604,0.08,9.2E-6,34.800171,0.73811646,1.0671075,0.001566,220.55788,0.4231,1287.6653,1.566,4.7663396,26.24044,0.030118757,99.1889,4250.0379,2.077,1,,,,4.9347691E-5,52.56138,1211.0519,0.030663857,0
4632408.88,,5905,,37.6614,0.08,9.2E-6,37.978705,0.71852483,1.3268958,0.002079,261.30395,0.5102,1588.1997,2.079,0.78980389,31.175246,0.039942433,99.064413,4313.2905,2.25,1,,,,5.1280525E-5,52.48088,1442.382,0.03493789,0
4632622.47,,5905,,37.6616,0.08,9.2E-6,38.032575,0.80436297,1.3334484,0.002143,261.95218,0.5114,1595.4006,2.143,0.45988622,30.875873,0.033610873,99.204224,4312.3218,2.308,1,,,,5.1961301E-5,62.350492,1446.4768,0.035060693,0
4632865.45,,5905,,37.6603,0.08,9.2E-6,38.030066,0.7999365,1.3329275,0.001981,261.93164,0.5114,1594.8591,1.981,3.8651761,30.901448,0.034132928,99.192665,4312.5989,2.134,1,,,,5.1904889E-5,61.751746,1446.2859,0.035049307,0
4633365.25,,5905,,41.1568,0.08,9.2E-6,41.49913,0.78333362,1.645791,0.002602,309.85329,0.5788,1955.6443,2.602,0.38162159,36.611985,0.045242138,99.06959,4386.6019,2.31,1,,,,5.3771134E-5,61.802896,1722.1778,0.039658446,0
4633647.34,,5905,,41.1565,0.08,9.2E-6,41.556923,0.87655751,1.6520941,0.002259,310.5992,0.5796,1962.6933,2.259,6.8754579,36.162041,0.038388175,99.200388,4387.1173,1.998,1,,,,5.4585267E-5,73.22397,1726.9779,0.039754966,0
4633926.78,,5905,,41.1577,0.08,9.2E-6,41.555352,0.87028138,1.6528771,0.002238,310.58777,0.5796,1963.4649,2.238,3.1476704,36.229057,0.038659744,99.195923,4386.2585,1.978,1,,,,5.4507514E-5,72.324083,1726.8472,0.039775314,0
4634470.75,,5905,,44.9783,0.08,9.2E-6,45.368206,0.86683415,1.9999836,0.003347,364.99462,0.6295,2364.9782,3.347,0.22635297,42.753426,0.052158001,99.061426,4493.9017,2.504,1,,,,5.5691973E-5,72.458113,2058.2741,0.044083374,0
4634797.88,,5905,,44.9778,0.08,9.2E-6,45.433622,0.96837577,2.00881,0.002542,365.86295,0.6303,2374.6729,2.542,2.7646241,42.118149,0.043422587,99.20622,4493.7804,1.894,1,,,,5.6704386E-5,85.506851,2064.214,0.044214172,0
4635120.7,,5905,,44.9783,0.08,9.2E-6,45.430951,0.95918342,2.0081964,0.002592,365.82408,0.6303,2374.0205,2.592,0.98176266,42.032583,0.042814674,99.215882,4493.9738,1.932,1,,,,5.6800213E-5,84.236298,2063.9713,0.044203266,0
4635756.83,,5905,,49.1541,0.08,9.2E-6,49.570328,0.9548565,2.4019628,0.003592,431.32951,0.7089,2833.2923,3.592,0.33851341,49.02199,0.058200704,99.076319,4619.3463,2.3,1,,,,5.8184077E-5,84.065167,2457.2174,0.048455657,0
4636126.48,,5905,,49.1544,0.08,9.2E-6,49.636414,1.0626103,2.4113787,0.003067,432.36566,0.7103,2843.7444,3.067,1.6338612,48.48659,0.049915246,99.198658,4619.4763,1.957,1,,,,5.8991142E-5,98.043981,2463.7736,0.04858084,0
4636493.06,,5905,,49.154,0.08,9.2E-6,49.636472,1.0556134,2.4104585,0.003086,432.37298,0.7103,2842.8315,3.086,1.4134368,48.475661,0.049778778,99.2009,4620.0694,1.97,1,,,,5.8984496E-5,96.973179,2463.7794,0.048562245,0
4637194.8,,5905,,53.7171,0.08,9.2E-6,54.182239,1.0397304,2.8936109,0.00444,516.27664,0.8084,3409.8876,4.44,0.26869767,55.956452,0.066371026,99.072997,4745.2339,2.424,1,,,,6.1349325E-5,96.951323,2935.715,0.053405156,0
4637612.69,,5905,,53.7176,0.08,9.2E-6,54.25374,1.1506379,2.9042192,0.003657,517.58539,0.8095,3421.8046,3.657,1.4282843,55.292254,0.056666771,99.19885,4745.7036,1.99,1,,,,6.2246194E-5,111.9129,2943.4683,0.053530304,0
4638026.64,,5905,,53.7175,0.08,9.3E-6,54.252438,1.1424824,2.9051297,0.003687,517.568,0.8094,3422.6977,3.687,1.4855622,55.35585,0.057941628,99.181505,4745.0939,2.006,1,,,,6.2198817E-5,110.58451,2943.327,0.053548372,0
4638794.31,,5905,,58.7052,0.08,9.2E-6,59.208094,1.1327315,3.4300579,0.005335,617.47905,0.8664,4047.537,5.335,0.15495286,63.206904,0.076358368,99.061679,4899.6074,2.538,1,,,,6.4472447E-5,110.7117,3505.5984,0.057932247,0
4639266.58,,5905,,58.7038,0.08,9.3E-6,59.282352,1.2472344,3.4423781,0.003916,618.88761,0.8669,4061.2658,3.916,1.3897599,62.442214,0.066184249,99.176413,4899.893,1.857,1,,,,6.5428843E-5,126.41381,3514.3973,0.058067502,0
4639730.81,,5905,,58.7046,0.08,9.2E-6,59.280261,1.238437,3.4409523,0.003964,618.84471,0.8669,4059.797,3.964,0.85565106,62.373587,0.065886998,99.179419,4900.3968,1.88,1,,,,6.547567E-5,124.88443,3514.1493,0.058045499,0
4640565.25,,5905,,64.1546,0.08,9.2E-6,64.70584,1.2435132,3.9740858,0.006104,732.19908,0.9158,4706.2849,6.104,0.11270641,70.789786,0.089293252,99.035845,5098.1385,2.608,1,,,,6.6944638E-5,124.74717,4186.8457,0.06141773,0
4641087.03,,5905,,64.1535,0.08,9.2E-6,64.788262,1.3664878,3.9859108,0.004043,733.86646,0.9168,4719.7773,4.043,1.3111421,69.676706,0.076464061,99.161236,5099.5796,1.723,1,,,,6.8147332E-5,141.57957,4197.5188,0.061522114,0
4641598.7,,5905,,64.1544,0.08,9.3E-6,64.784762,1.3544937,3.9834268,0.00401,733.82837,0.9168,4717.2551,4.01,0.64343349,69.674972,0.076570442,99.160377,5100.3638,1.71,1,,,,6.8112961E-5,139.35341,4197.0654,0.061487094,0
4642569.75,,5905,,70.1112,0.08,9.2E-6,70.721556,1.3589895,4.5659865,0.005927,873.97636,1.037,5439.9629,5.927,0.25200824,77.799604,0.10168031,99.026871,5320.1136,2.3,1,,,,7.0407472E-5,139.34994,5001.5384,0.064562869,0
4643142.11,,5905,,70.1101,0.08,9.2E-6,70.802793,1.4873236,4.5761603,0.004871,875.90889,1.039,5452.0692,4.871,0.76932895,76.999088,0.089485646,99.135059,5322.2747,1.887,1,,,,7.1242667E-5,155.59921,5013.0355,0.064632482,0
4643711.59,,5905,,70.1094,0.08,9.2E-6,70.800016,1.4783266,4.5757148,0.004954,875.8679,1.039,5451.5827,4.954,0.5210826,77.019165,0.090660004,99.123926,5322.2386,1.919,1,,,,7.1223396E-5,153.99818,5012.6422,0.064628726,0
4644764.47,,5905,,76.6176,0.08,9.2E-6,77.264316,1.4802725,5.2270311,0.006705,1047.2224,1.188,6274.2535,6.705,0.18533729,84.90983,0.11541454,99.018677,5556.1583,2.374,1,,,,7.440209E-5,154.03833,5969.7746,0.067651295,0
4645385.67,,5905,,76.6175,0.08,9.2E-6,77.349156,1.6122013,5.2391902,0.005313,1049.5299,1.19,6288.7201,5.313,0.55422343,84.047277,0.10467098,99.101114,5557.9529,1.878,1,,,,7.5295246E-5,169.81966,5982.8919,0.06773429,0
4646001.02,,5905,,76.6177,0.08,9.2E-6,77.348176,1.6024519,5.2368759,0.005269,1049.5221,1.19,6286.3981,5.269,0.53727158,83.936598,0.1034014,99.11114,5558.7011,1.863,1,,,,7.5361305E-5,168.09455,5982.7403,0.067705228,0
4647126.73,,5905,,83.7309,0.08,9.2E-6,84.436009,1.6031312,5.9494682,0.00822,1272.4544,1.329,7221.9226,8.22,0.18071496,91.894307,0.13714323,98.967951,5815.4511,2.676,1,,,,7.914647E-5,167.8732,7129.4397,0.070461267,0
4647798.25,,5905,,83.7303,0.08,9.2E-6,84.528288,1.7425116,5.9640212,0.006194,1275.4955,1.331,7239.5167,6.194,0.65848951,90.874731,0.12214595,99.070817,5817.0677,2.012,1,,,,8.0172567E-5,183.78861,7145.0315,0.070556512,0
4648462.09,,5905,,83.7311,0.08,9.2E-6,84.525224,1.7304971,5.9628668,0.006137,1275.4052,1.33,7238.272,6.137,0.50073176,90.719616,0.12070725,99.080297,5817.2321,1.994,1,,,,8.0290574E-5,181.74946,7144.5134,0.070545413,0
4649662.19,,5905,,91.5047,0.08,9.2E-6,92.282772,1.7329185,6.7458061,0.008384,1532.3382,1.437,8278.1443,8.384,0.12901787,98.430915,0.15703178,98.93861,6095.2305,3.019,1,,,,8.4701143E-5,181.43923,8516.11,0.073099301,0
4650376.2,,5905,,91.5047,0.08,9.2E-6,92.379026,1.8774125,6.7590324,0.005901,1535.3462,1.439,8294.3786,5.901,0.3668135,97.385321,0.14241943,99.027336,6097.6055,1.774,1,,,,8.5727066E-5,196.86183,8533.8845,0.07316631,0
4651083.67,,5905,,91.5047,0.08,9.2E-6,92.377767,1.865206,6.7598414,0.006166,1535.32,1.438,8295.1614,6.166,0.24272944,97.251069,0.14119383,99.034314,6097.2792,1.853,1,,,,8.5849498E-5,194.77064,8533.6519,0.073176064,0
4652360.63,,5905,,100.001,0.08,9.2E-6,100.8651,1.9172975,7.4001098,0.009222,1811.2057,1.581,9211.3156,9.222,0.1099485,104.63812,0.18129123,98.899615,6459.6504,2.681,1,,,,8.8663453E-5,194.50214,10173.769,0.073366403,0
4653124.02,,5905,,100.001,0.08,9.2E-6,100.96747,2.0715215,7.4125697,0.00625,1814.7605,1.584,9227.3302,6.25,0.48477762,103.37181,0.16395721,98.993093,6462.5809,1.815,1,,,,8.985037E-5,209.27625,10194.429,0.073415429,0
4653879.95,,5905,,99.9996,0.08,9.2E-6,100.9642,2.0571813,7.4120096,0.006428,1814.6603,1.584,9226.6699,6.428,0.33990291,103.29804,0.16302643,98.998122,6462.5348,1.867,1,,,,8.9905132E-5,206.74362,10193.77,0.073412254,0
4655472.89,,5905,,110,0.08,9.2E-6,111.03226,2.2034495,8.4773316,0.01137,2190.8578,1.855,10668.189,11.37,0.39244888,111.13052,0.19014875,98.948531,6795.8472,3.035,1,,,,9.6642192E-5,213.58019,12328.163,0.076350167,0
4656280.73,,5905,,110,0.08,9.3E-6,111.06045,2.2413746,8.4818283,0.01087,2191.7044,1.855,10673.533,10.87,1.0789393,110.93943,0.18919236,98.951938,6796.3714,2.902,1,,,,9.6855059E-5,222.26103,12334.425,0.076371272,0
4657086.75,,5905,,109.996,0.08,9.2E-6,111.06381,2.2388445,8.4786911,0.01078,2191.8397,1.855,10670.531,10.78,0.80730786,110.77997,0.18250397,98.987894,6797.4148,2.879,1,,,,9.6944679E-5,221.87886,12335.17,0.07634072,0
4658428.14,,5905,,115.966,0.08,9.2E-6,116.99803,2.2649007,8.799838,0.007186,2416.1735,1.892,11216.012,7.186,0.069692517,113.91197,0.23010859,98.801395,7072.4162,1.924,1,,,,9.9198884E-5,221.55994,13688.539,0.075213556,0
4659255.48,,5905,,115.965,0.08,9.2E-6,117.07849,2.3810534,8.8010638,0.004377,2419.3319,1.892,11220.396,4.377,0.07782096,112.96608,0.2197648,98.846592,7076.951,1.173,1,,,,0.00010003983,227.82393,13707.372,0.07517234,0
4660079.16,,5905,,115.965,0.08,9.3E-6,117.07394,2.3719333,8.7968543,0.004964,2419.2027,1.892,11216.057,4.964,0.027868775,112.94635,0.21773613,98.857348,7077.8047,1.331,1,,,,0.00010001173,225.93217,13706.307,0.075139305,0
4661453.11,,5905,,122.255,0.08,9.2E-6,123.37362,2.4441294,8.8084103,0.007149,2657.8675,1.882,11466.278,7.149,0.080607915,112.45505,0.24983743,98.749427,7455.394,2.016,1,,,,0.00010272694,225.89271,15221.049,0.071396223,0
4662271.7,,5905,,122.254,0.08,9.3E-6,123.43551,2.5199239,8.8128712,0.005759,2660.4712,1.882,11473.342,5.759,0.072109563,111.48718,0.23419346,98.818018,7457.8756,1.624,1,,,,0.00010363957,224.9101,15236.326,0.071396561,0
4663079.61,,5905,,122.252,0.08,9.2E-6,123.43304,2.5073771,8.8168637,0.005859,2660.4055,1.882,11477.269,5.859,0.055777274,111.39219,0.23211309,98.827235,7456.6003,1.651,1,,,,0.00010375785,222.97436,15235.715,0.071430338,0
4664441.28,,5905,,128.881,0.08,9.2E-6,130.04736,2.5354463,9.1428345,0.009134,2917.7468,1.943,12060.581,9.134,0.15176825,113.01922,0.25957437,98.745219,7761.6739,2.583,1,,,,0.00010749374,222.78438,16912.315,0.070303885,0
4665265.8,,5905,,128.882,0.08,9.3E-6,130.12907,2.6452758,9.1481409,0.006419,2921.1972,1.945,12069.338,6.419,0.39658689,112.06247,0.24596227,98.801355,7765.0486,1.815,1,,,,0.00010845421,226.03844,16933.574,0.07030052,0
4666080.89,,5905,,128.882,0.08,9.3E-6,130.12442,2.6330093,9.1489486,0.007511,2920.9958,1.945,12069.944,7.511,0.13628059,111.95319,0.24266901,98.81618,7764.5431,2.124,1,,,,0.00010855614,224.12494,16932.366,0.070309235,0
4667463.27,,5905,,135.871,0.08,9.2E-6,137.08772,2.6602823,9.5348641,0.01029,3203.0391,2.179,12737.903,10.29,0.14492531,114.14249,0.28514568,98.67054,8068.1605,2.9,1,,,,0.00011244114,223.90637,18793.042,0.069553015,0
4668291.38,,5905,,135.87,0.08,9.2E-6,137.17771,2.781042,9.5437844,0.007637,3206.8712,2.182,12750.656,7.637,0.31325346,113.05226,0.26374896,98.758751,8070.9406,2.152,1,,,,0.00011358154,228.28497,18817.723,0.069572415,0
4669115.59,,5905,,135.869,0.08,9.2E-6,137.17213,2.7651564,9.5465551,0.007904,3206.6757,2.182,12753.231,7.904,0.14548116,113.01474,0.26258887,98.763589,8069.8317,2.226,1,,,,0.00011363918,226.10451,18816.193,0.069595443,0
4670511.92,,5905,,143.239,0.08,9.2E-6,144.52389,2.8111994,9.8801386,0.01023,3500.5092,2.395,13380.648,10.23,0.11685277,115.0921,0.30883448,98.608992,8405.5504,2.898,1,,,,0.00011715693,226.02949,20887.156,0.068363358,0
4671344.45,,5905,,143.237,0.08,9.2E-6,144.61834,2.937825,9.8926832,0.007475,3504.3461,2.397,13397.029,7.475,0.17588571,113.78365,0.28337523,98.709011,8407.4866,2.117,1,,,,0.00011858303,230.18421,20914.464,0.068405454,0
4672172.06,,5905,,143.238,0.08,9.3E-6,144.61397,2.9187408,9.8857518,0.007245,3504.1777,2.397,13389.929,7.245,0.17699689,113.56621,0.28098573,98.717863,8409.1969,2.053,1,,,,0.00011874095,227.5673,20913.2,0.068359592,0
4673582.31,,5905,,151.005,0.08,9.2E-6,152.37939,2.9678331,10.22571,0.01156,3806.5812,2.517,14032.291,11.56,0.094627056,115.09274,0.32073303,98.588932,8761.4483,3.299,1,,,,0.00012285089,227.13242,23219.477,0.067106913,0
4674414.44,,5905,,151.005,0.08,9.3E-6,152.47606,3.099204,10.219542,0.007475,3810.5877,2.519,14030.13,7.475,0.20715872,113.99306,0.29827428,98.676187,8768.77,2.137,1,,,,0.00012395719,230.18548,23248.947,0.067023914,0
4675242.58,,5905,,151.007,0.08,9.3E-6,152.47321,3.081604,10.224255,0.00784,3810.5014,2.519,14034.757,7.84,0.11830633,113.86648,0.29757799,98.677513,8767.2587,2.24,1,,,,0.00012413524,227.98611,23248.079,0.067056077,0
4676659.39,,5905,,159.189,0.08,9.2E-6,160.63784,3.1255866,10.63369,0.01383,4131.6214,2.675,14765.312,13.83,0.12479485,115.43907,0.34595364,98.511895,9116.6234,3.948,1,,,,0.00012891083,227.73296,25804.515,0.066196672,0
4677493.22,,5905,,159.194,0.08,9.2E-6,160.74267,3.2584648,10.651326,0.008969,4135.9443,2.676,14787.27,8.969,0.34438204,114.22381,0.31951992,98.610665,9117.5352,2.558,1,,,,0.00013040775,230.87813,25838.205,0.066263213,0
4678322.09,,5905,,159.193,0.08,9.2E-6,160.73843,3.2422144,10.644879,0.009764,4135.8305,2.676,14780.709,9.764,0.19390451,114.21912,0.32151088,98.602307,9119.1349,2.786,1,,,,0.00013036073,228.44761,25836.841,0.066224853,0
4679750.72,,5905,,167.826,0.08,9.2E-6,169.34965,3.3014549,11.065002,0.01238,4473.7918,2.793,15538.794,12.38,0.11555856,115.75439,0.35229399,98.515051,9484.5043,3.534,1,,,,0.00013526852,228.43824,28679.305,0.065338202,0
4680588.16,,5905,,167.824,0.08,9.2E-6,169.46384,3.4429789,11.06131,0.008181,4478.464,2.795,15539.774,8.181,0.19279962,114.342,0.32710768,98.605048,9491.9554,2.339,1,,,,0.00013688305,231.50879,28717.995,0.065272391,0
4681416.77,,5905,,167.825,0.08,9.2E-6,169.45538,3.4187536,11.058148,0.00837,4478.205,2.795,15536.353,8.37,0.17213729,114.21337,0.32827392,98.598633,9492.3863,2.394,1,,,,0.00013701148,228.68399,28715.127,0.065256986,0
4682851.55,,5905,,176.924,0.08,9.2E-6,178.54592,3.4879675,11.415784,0.0138,4834.2254,2.895,16250.01,13.8,0.08464684,114.76744,0.36604209,98.474025,9896.0563,3.983,1,,,,0.0001426771,228.42674,31878.644,0.063937526,0
4683681.27,,5905,,176.923,0.08,9.3E-6,178.65577,3.6213351,11.414463,0.008326,4838.7665,2.896,16253.23,8.326,0.24703794,113.42362,0.33996939,98.566553,9902.5273,2.406,1,,,,0.00014432764,229.53488,31917.886,0.063890816,0
4684507.94,,5905,,176.93,0.08,9.2E-6,178.64786,3.5985344,11.411458,0.008254,4838.5341,2.896,16249.992,8.254,0.13248231,113.27268,0.33556561,98.583361,9902.9576,2.387,1,,,,0.00014447872,226.84723,31915.057,0.063876826,0
4685946.83,,5905,,186.521,0.08,9.2E-6,188.23553,3.6853872,11.733623,0.01455,5203.4596,3.04,16937.083,14.55,0.072830886,113.41717,0.37508145,98.446986,10338.044,4.27,1,,,,0.0001504688,226.54536,35432.616,0.062334794,0
4686773.16,,5905,,186.518,0.08,9.2E-6,188.34928,3.822064,11.724027,0.008967,5207.9833,3.042,16932.01,8.967,0.13920528,112.09076,0.34569275,98.552653,10347.112,2.637,1,,,,0.00015212317,226.83433,35475.45,0.062246202,0
4687588.61,,5905,,186.52,0.08,9.2E-6,188.33751,3.8039447,11.678233,0.008992,5207.5595,3.041,16885.793,8.992,0.083146869,111.78056,0.33900372,98.578848,10359.972,2.658,1,,,,0.00015210682,224.18152,35471.017,0.062006944,0
4688904.95,,5905,,196.632,0.08,9.2E-6,198.37397,3.7902518,11.979211,0.01641,5565.3869,3.181,17544.598,16.41,0.06544493,111.43073,0.38232392,98.417399,10819.888,4.936,1,,,,0.0001586329,223.56112,39352.231,0.06038701,0
4689713.61,,5905,,196.632,0.08,9.2E-6,198.54802,4.0345065,11.973161,0.009145,5572.1429,3.183,17545.304,9.145,0.17403317,110.13577,0.35268105,98.523802,10831.205,2.756,1,,,,0.00016042129,222.86147,39421.315,0.060303603,0
4690516.53,,5905,,196.633,0.08,9.2E-6,198.54246,4.0100764,11.971472,0.008579,5571.9575,3.183,17543.43,8.579,0.1165008,109.9183,0.34668782,98.546057,10831.41,2.586,1,,,,0.00016070429,220.27154,39419.108,0.060296787,0
4691825.66,,5905,,207.295,0.08,9.2E-6,209.1306,3.9962869,12.339125,0.01635,5940.2405,3.394,18279.366,16.35,0.10253443,109.62404,0.38994593,98.380594,11294.585,4.983,1,,,,0.00016800114,219.8366,43735.608,0.059002008,0
4692624.44,,5905,,207.295,0.08,9.2E-6,209.31673,4.2552115,12.317945,0.009062,5947.7998,3.404,18265.744,9.062,0.2613679,108.14375,0.35197115,98.519722,11311.113,2.772,1,,,,0.00017006038,219.24809,43813.493,0.058848353,0
4693409.8,,5905,,207.294,0.08,9.2E-6,209.30888,4.2275043,12.30532,0.00981,5947.6194,3.403,18252.94,9.81,0.12808238,108.04538,0.35344141,98.512722,11314.555,3.005,1,,,,0.00017010071,216.28751,43810.207,0.058790246,0
4694694.3,,5905,,218.537,0.08,9.2E-6,220.44751,4.1864246,12.808821,0.01853,6389.1303,4.206,19197.951,18.53,0.098436839,108.21335,0.40770704,98.306174,11758.437,5.663,1,,,,0.00017877425,216.09076,48597.106,0.058103723,0
4695480.45,,5905,,218.537,0.08,9.2E-6,220.65804,4.4794014,12.753721,0.01232,6398.2639,4.213,19151.985,12.32,0.48657962,106.76141,0.38865933,98.366471,11786.592,3.794,1,,,,0.00018071645,216.42671,48689.972,0.057798576,0
4696260.75,,5905,,218.54,0.08,9.2E-6,220.65793,4.4503619,12.733699,0.01201,6398.3071,4.213,19132.006,12.01,0.23482491,106.41055,0.37283772,98.42855,11792.76,3.706,1,,,,0.00018107034,213.52282,48689.921,0.057707871,0
4697533.11,,5905,,230.386,0.08,9.2E-6,232.37417,4.41104,13.272789,0.01417,6804.664,3.832,20077.453,14.17,0.017828725,105.57334,0.38455511,98.377408,12248.453,4.356,1,,,,0.00019155127,212.8211,53997.754,0.057118179,0
4698303.64,,5905,,230.383,0.08,9.2E-6,232.60485,4.7269756,13.012993,0.01287,6813.1319,3.831,19826.125,12.87,0.85733089,103.77695,0.39734382,98.306261,12341.667,4.067,1,,,,0.00019246906,211.14667,54105.018,0.055944633,0
4699064.09,,5905,,230.394,0.08,9.2E-6,232.6007,4.6967404,12.958103,0.01214,6813.0673,3.831,19771.171,12.14,0.17137945,103.46844,0.39010359,98.334369,12358.848,3.856,1,,,,0.0001924797,207.55391,54103.085,0.055709649,0
4700313.55,,5905,,242.878,0.08,9.3E-6,245.00018,4.725534,13.14634,0.01733,7184.9707,4.048,20331.311,17.33,0.096080109,101.21727,0.40605529,98.24921,12955.243,5.687,1,,,,0.00020237064,206.93687,60025.088,0.053658492,0
4701052.41,,5905,,242.878,0.08,9.3E-6,245.20021,4.9923505,13.113598,0.00955,7191.1614,4.045,20304.76,9.55,0.20872402,99.941767,0.36934386,98.388468,12976.603,3.149,1,,,,0.00020455911,202.43454,60123.143,0.053481187,0
4701776.92,,5905,,242.878,0.08,9.3E-6,245.19093,4.9611958,13.121743,0.01099,7191.0159,4.045,20312.759,10.99,0.083753153,99.882047,0.36337404,98.413201,12973.426,3.619,1,,,,0.00020474085,199.88353,60118.591,0.053516432,0
4702982.58,,5905,,256.042,0.08,9.2E-6,258.24317,4.9927152,13.373399,0.01946,7552.1579,4.441,20925.557,19.46,0.13091101,97.337996,0.43142049,98.084898,13577.788,6.579,1,,,,0.0002167004,199.76409,66689.534,0.05178607,0
4703695.17,,5905,,256.049,0.08,9.2E-6,258.44807,5.2526894,13.335831,0.01016,7559.1449,4.458,20894.976,10.16,0.23485029,96.063297,0.3840691,98.273772,13601.31,3.451,1,,,,0.00021907521,194.67599,66795.407,0.051599654,0
4704395.64,,5905,,256.049,0.08,9.3E-6,258.44411,5.2190687,13.332887,0.01207,7559.0561,4.458,20891.943,12.07,0.072614259,95.910738,0.37782621,98.299157,13602.102,4.102,1,,,,0.00021936809,192.12659,66793.36,0.051589053,0
4705573.98,,5905,,269.932,0.08,9.2E-6,272.13361,5.2164915,13.612439,0.02416,7984.9204,5.533,21597.36,24.16,0.11440867,92.7064,0.46999212,97.833743,14223.866,8.404,1,,,,0.00023502487,191.82148,74056.704,0.050021161,0
4706247.25,,5905,,269.931,0.08,9.2E-6,272.35567,5.4668026,13.535657,0.01224,7993.4672,5.583,21529.124,12.24,1.1457015,91.506769,0.43331568,97.979728,14262.339,4.297,1,,,,0.00023720035,185.4128,74177.61,0.04969846,0
4706918.55,,5905,,269.932,0.08,9.2E-6,272.36406,5.4372171,13.520809,0.0127,7993.7933,5.585,21514.602,12.7,0.18346411,91.345557,0.42299526,98.024795,14267.997,4.465,1,,,,0.000237413,183.01354,74182.181,0.049642412,0
4708056.83,,5905,,284.574,0.08,9.2E-6,286.62862,5.4312965,13.787888,0.02851,8417.1947,7.198,22205.082,28.51,0.17820619,87.528497,0.56420426,97.277785,14917.673,10.27,1,,,,0.00025644487,182.69111,82155.964,0.048103667,0
4708695.89,,5905,,284.571,0.08,9.2E-6,286.89306,5.6587697,13.703224,0.0162,8424.0857,7.156,22127.309,16.2,21.861645,86.736079,0.51726825,97.484821,14962.124,5.893,1,,,,0.00025765043,175.05699,82307.63,0.047764221,0
4709330.27,,5905,,284.569,0.08,9.3E-6,286.96667,5.6589884,13.669824,0.01647,8425.9478,7.144,22095.772,16.47,1.7460561,87.0937,0.51967082,97.485206,14978.142,6.011,1,,,,0.00025622125,173.47216,82349.87,0.04763558,0
4710506.67,,5905,,300,0.08,9.2E-6,302.38669,5.8338562,13.817858,0.02902,8605.1292,4.667,22422.987,29.02,0.12000476,83.786305,0.44730918,97.754336,15726.42,11,1,,,,0.00026996845,174.1874,91437.707,0.045695986,0
4711120.41,,5905,,299.98,0.08,9.2E-6,302.70889,6.1164909,13.717834,0.008932,8604.9325,4.636,22322.767,8.932,2.0135986,82.639712,0.36030998,98.167489,15781.348,3.424,1,,,,0.00027203415,167.57261,91632.672,0.045316919,0
4711724.64,,5905,,299.988,0.08,9.2E-6,302.75261,6.0885266,13.716785,0.008672,8604.891,4.632,22321.676,8.672,0.20323479,82.671308,0.33715367,98.285472,15784.03,3.325,1,,,,0.00027179105,165.27942,91659.142,0.04530691,0
