[Header]
TITLE,Tm2O3 HP B-Type Puck 225 7-11-2026.dat
BYAPP,HeatCapacity,3.9.11,1.7
INFO,1000,MASS:Sample Mass (mg)
INFO,,MASSERR:Sample Mass Error (mg)
INFO,1,MOLWGHT:Formula Weight (g/mole)
INFO,1,ATOMS:Atoms per Formula Unit
INFO,PPMS Heat Capacity Option 3.9.11 Build 2,APPNAME
DATATYPE,TIME,1
DATATYPE,COMMENT,2
STARTUPAXIS, X, 8, LINEAR, AUTO
STARTUPAXIS, Y1, 10, LINEAR, AUTO
[Data]
Time Stamp (Seconds),Comment (),System Status (Code),Puck Temp (Kelvin),System Temp (Kelvin),Field (Oersted),Pressure (Torr),Sample Temp (Kelvin),Temp Rise (Kelvin),Samp HC (mJ/mole-K),Samp HC Err (mJ/mole-K),Addenda HC (µJ/K),Addenda HC Err (µJ/K),Total HC (µJ/K),Total HC Err (µJ/K),Fit Deviation (ChiSquare),Time Const tau1 (seconds),Time Const tau2 (seconds),Sample Coupling (Percent),Debye Temp (Kelvin),Debye Temp Err (Kelvin),Cal Correction (Factor),Therm Resist (Ohms),Htr Resist (Ohms),Puck Resist (Ohms),Wire Cond (W/K),Meas Time (seconds),Temp Squared (K^2),Samp HC/Temp (mJ/mole-K/K),Addenda Offset HC (µJ/K)
3910990.59,CALFILE: C:\QdPpms\HEATCA~1\TempCal\Standard\Puck225_4.cal|Addenda #3 measured on 7/11/2026 from 1.817 to 302.5 K
3910990.7,,5905,,1.7993,0.043,9.2E-6,1.8140479,0.033423234,0.069206138,0.0008557,0.19005214,0.002322,69.396191,0.8557,19.29484,38.45466,0.0050365071,94.952282,551.41829,2.254,1,,,,1.9000469E-6,65.84481,3.2907698,0.038150116,0
3911326.55,,5905,,1.801,0.043,9.2E-6,1.81574,0.036507696,0.070680057,0.0007911,0.19013364,0.002326,70.870191,0.7911,15.311194,39.631548,0.0049816776,95.060517,548.06911,2.03,1,,,,1.8806598E-6,76.90932,3.2969116,0.03892631,0
3911629.08,,5905,,1.8003,0.043,9.2E-6,1.8161481,0.03699919,0.070676111,0.0007795,0.19015079,0.002327,70.866262,0.7795,4.5943269,39.291907,0.0049850817,95.012653,548.2025,2.001,1,,,,1.8977621E-6,79.263096,3.2983939,0.03891539,0
3912075.56,,5905,,1.8797,0.043,9.3E-6,1.8932077,0.038286853,0.072582057,0.0007962,0.19608984,0.002531,72.778146,0.7962,4.8757522,39.625874,0.0049153473,95.150927,566.41639,2.056,1,,,,1.9297387E-6,78.583813,3.5842352,0.038338138,0
3912378.14,,5905,,1.8783,0.043,9.2E-6,1.8947293,0.039194669,0.072954257,0.0008071,0.19624158,0.002535,73.150498,0.8071,9.7137497,39.183675,0.0049172353,95.068869,565.90597,2.072,1,,,,1.9631878E-6,79.251747,3.5899991,0.038503789,0
3912680.2,,5905,,1.8802,0.043,9.2E-6,1.8946317,0.039168242,0.072579374,0.0007843,0.19623691,0.002534,72.775611,0.7843,17.474921,39.130621,0.0049562211,95.047253,566.84941,2.027,1,,,,1.9562148E-6,78.36735,3.5896291,0.038307907,0
3913123.36,,5905,,1.9628,0.043,9.2E-6,1.9751761,0.040721491,0.073971203,0.0008121,0.20614771,0.002724,74.17735,0.8121,19.395088,38.913993,0.0050746664,95.052246,587.21738,2.133,1,,,,2.0048726E-6,78.261241,3.9013204,0.037450435,0
3913423.84,,5905,,1.963,0.043,9.2E-6,1.9765854,0.041412618,0.073739232,0.0007856,0.20635104,0.002726,73.945584,0.7856,12.046428,37.742806,0.0048360528,95.164134,588.25195,2.074,1,,,,2.0582139E-6,77.827986,3.90689,0.037306372,0
3913714.83,,5905,,1.9637,0.043,9.2E-6,1.9763982,0.040724398,0.073352156,0.0007948,0.2063211,0.002726,73.558478,0.7948,18.726264,37.205441,0.0047342985,95.22492,589.22902,2.113,1,,,,2.0756887E-6,75.485612,3.9061497,0.037114058,0
3914144.78,,5905,,2.05,0.043,9.2E-6,2.0618058,0.042153971,0.074706382,0.0008169,0.22127552,0.002847,74.927657,0.8169,14.058958,37.025197,0.0049974071,95.186925,610.95493,2.211,1,,,,2.1254316E-6,74.410882,4.251043,0.036233472,0
3914429.72,,5905,,2.0507,0.043,9.2E-6,2.0631133,0.043029912,0.074562373,0.000792,0.22154889,0.002847,74.783922,0.792,22.897392,36.391614,0.0048961161,95.219054,611.73569,2.151,1,,,,2.1575611E-6,74.050393,4.2564363,0.036140708,0
3914711.27,,5905,,2.049,0.043,9.2E-6,2.06305,0.042651788,0.074357738,0.0008006,0.2215402,0.002847,74.579278,0.8006,18.975832,36.286026,0.0049944286,95.116839,612.27758,2.182,1,,,,2.160223E-6,72.783229,4.2561754,0.036042625,0
3915131.14,,5905,,2.1408,0.043,9.2E-6,2.1531894,0.042964344,0.078139378,0.0008368,0.24388331,0.00275,78.383261,0.8368,11.835947,35.419271,0.0048459851,95.37783,628.54966,2.228,1,,,,2.3196069E-6,72.572052,4.6362246,0.036290062,0
3915405.42,,5905,,2.14,0.043,9.2E-6,2.1542016,0.043244116,0.078023864,0.0008033,0.24417515,0.002748,78.268039,0.8033,61.289766,34.806467,0.0048180375,95.333876,629.15533,2.144,1,,,,2.358055E-6,70.838541,4.6405847,0.036219388,0
3915676.77,,5905,,2.1399,0.043,9.2E-6,2.1541956,0.042978203,0.07755908,0.0007968,0.24417261,0.002748,77.803252,0.7968,7.427078,34.514016,0.0047389299,95.402226,630.40782,2.144,1,,,,2.362226E-6,69.612934,4.6405587,0.036003731,0
3916046.48,,5905,,2.2342,0.043,9.2E-6,2.2464277,0.043565568,0.081145987,0.0008842,0.27085448,0.002471,81.416841,0.8842,11.512366,34.426747,0.0050660241,95.34819,647.56611,2.335,1,,,,2.4795604E-6,69.028033,5.0464376,0.036122233,0
3916312.94,,5905,,2.2332,0.043,9.2E-6,2.2480559,0.0444385,0.080631083,0.0008135,0.27129633,0.002466,80.902379,0.8135,14.342595,33.542407,0.0049199665,95.402486,649.41197,2.169,1,,,,2.5274159E-6,68.853493,5.0537554,0.035867027,0
3916571.22,,5905,,2.2346,0.043,9.3E-6,2.2479711,0.043976141,0.080092109,0.0008189,0.27129104,0.002466,80.3634,0.8189,13.088419,33.295579,0.0049169815,95.401846,650.8409,2.203,1,,,,2.5292014E-6,67.084815,5.0533742,0.03562862,0
3916932.86,,5905,,2.3354,0.043,9.2E-6,2.3452449,0.045346967,0.082276636,0.0008612,0.29499477,0.002279,82.57163,0.8612,11.809732,32.934657,0.0051683851,95.381189,672.94053,2.332,1,,,,2.6276963E-6,66.591157,5.5001734,0.035082322,0
3917189.98,,5905,,2.3339,0.043,9.2E-6,2.3466649,0.045812634,0.08218908,0.0008139,0.29528715,0.002278,82.484367,0.8139,11.808266,32.054812,0.0048605692,95.554105,673.58703,2.209,1,,,,2.6921179E-6,65.869315,5.5068363,0.035023782,0
3917438.98,,5905,,2.3341,0.043,9.2E-6,2.3464797,0.045315117,0.0814006,0.0008229,0.29526513,0.002278,81.695865,0.8229,10.816719,31.785184,0.0050232806,95.402945,675.70159,2.262,1,,,,2.6932258E-6,64.109625,5.505967,0.03469052,0
3917795.31,,5905,,2.4349,0.043,9.2E-6,2.4468809,0.047562879,0.082261307,0.0008532,0.31307542,0.002386,82.574382,0.8532,13.036976,31.391442,0.0050427469,95.551877,702.14741,2.411,1,,,,2.7520216E-6,63.570369,5.9872262,0.033618844,0
3918041.19,,5905,,2.4357,0.043,9.3E-6,2.448239,0.048116781,0.081887558,0.0008179,0.31329233,0.00239,82.200851,0.8179,13.093181,30.780975,0.0050193851,95.506011,703.60434,2.327,1,,,,2.7952331E-6,62.782884,5.9938742,0.033447534,0
3918282.84,,5905,,2.4362,0.043,9.2E-6,2.4481602,0.047449059,0.082078735,0.000806,0.31327528,0.00239,82.392011,0.806,5.5700577,30.570926,0.0048126833,95.657991,703.035,2.286,1,,,,2.8165352E-6,61.56195,5.9934883,0.033526701,0
3918632.25,,5905,,2.546,0.043,9.2E-6,2.5525031,0.051050825,0.080837499,0.0007609,0.33216668,0.00246,81.169665,0.7609,4.6731172,30.238407,0.0052049807,95.584447,736.73167,2.297,1,,,,2.807336E-6,61.141853,6.5152723,0.031669892,0
3918868.39,,5905,,2.544,0.043,9.2E-6,2.5539982,0.051944838,0.08004565,0.0007732,0.33254425,0.002455,80.378194,0.7732,10.572758,29.729275,0.0053136754,95.458855,739.58602,2.366,1,,,,2.8312517E-6,60.476813,6.5229069,0.03134131,0
3919102.25,,5905,,2.5444,0.043,9.2E-6,2.5537298,0.05105085,0.080672165,0.0007621,0.33247202,0.002456,81.004637,0.7621,11.511408,29.570045,0.0051259325,95.565421,737.58891,2.308,1,,,,2.8655157E-6,59.458551,6.5215357,0.031589938,0
3919441.67,,5905,,2.6563,0.043,9.3E-6,2.6675437,0.053093655,0.082532956,0.0007848,0.36637505,0.001798,82.899331,0.7848,17.121861,28.921812,0.0050800971,95.837568,764.6272,2.408,1,,,,2.989741E-6,59.14009,7.1157894,0.030939683,0
3919668.83,,5905,,2.6556,0.043,9.2E-6,2.6687037,0.053397974,0.082038734,0.0007971,0.36681093,0.001791,82.405545,0.7971,7.2935025,28.46391,0.0053899268,95.530482,766.49273,2.466,1,,,,3.0293627E-6,57.843624,7.1219793,0.030741043,0
3919893.06,,5905,,2.6589,0.043,9.2E-6,2.6686669,0.053053426,0.081617324,0.0007308,0.36679328,0.001792,81.984117,0.7308,8.2281626,28.112334,0.0051700628,95.688092,767.7991,2.278,1,,,,3.0465708E-6,56.927819,7.1217832,0.030583556,0
3920220.75,,5905,,2.7764,0.043,9.3E-6,2.7847924,0.054571773,0.083787479,0.0008097,0.40223728,0.001928,84.189717,0.8097,6.9089795,27.376935,0.0051550874,95.872581,794.23151,2.542,1,,,,3.2063607E-6,56.224668,7.7550687,0.030087514,0
3920436.38,,5905,,2.7737,0.043,9.2E-6,2.7859588,0.054646706,0.083619016,0.0007839,0.40261752,0.001935,84.021634,0.7839,4.5561909,26.855523,0.0049369787,95.986963,795.09739,2.469,1,,,,3.2582312E-6,54.75387,7.7615662,0.030014449,0
3920650.05,,5905,,2.7733,0.043,9.3E-6,2.7856755,0.054156077,0.083252377,0.0007592,0.40253931,0.001934,83.654916,0.7592,4.804953,26.657096,0.004950045,95.962207,796.18191,2.406,1,,,,3.2689884E-6,53.711046,7.7599878,0.029885885,0
3920969.45,,5905,,2.8982,0.043,9.2E-6,2.9057892,0.0566973,0.08413883,0.0007583,0.44444069,0.002562,84.58327,0.7583,11.343845,26.033713,0.0053391526,95.912527,827.585,2.471,1,,,,3.3860291E-6,53.314192,8.443611,0.028955586,0
3921177.86,,5905,,2.8996,0.043,9.2E-6,2.9069299,0.056879625,0.084146577,0.0007927,0.44494411,0.002565,84.591521,0.7927,4.2933276,25.822634,0.0053535266,95.8705,827.88448,2.583,1,,,,3.4155208E-6,52.067426,8.4502417,0.028946889,0
3921384.05,,5905,,2.8972,0.043,9.2E-6,2.9069049,0.05665466,0.083629897,0.0007497,0.44493487,0.002565,84.074832,0.7497,7.2407605,25.436296,0.0052394622,95.924205,829.57876,2.464,1,,,,3.4442987E-6,51.645267,8.4500958,0.028769396,0
3921694.2,,5905,,3.0202,0.043,9.2E-6,3.0334159,0.058885933,0.08482505,0.0007199,0.49693174,0.002769,85.321982,0.7199,5.7208711,24.646032,0.0054151169,96.053064,861.59777,2.424,1,,,,3.6025287E-6,50.872591,9.2016118,0.027963541,0
3921892.91,,5905,,3.0202,0.043,9.2E-6,3.0342842,0.058711615,0.084759554,0.0007292,0.49731723,0.002771,85.256871,0.7292,10.219815,24.258852,0.0052012798,96.158434,862.06634,2.458,1,,,,3.6532664E-6,49.292064,9.2068804,0.027933954,0
3922087.64,,5905,,3.0294,0.043,9.2E-6,3.0342383,0.058192366,0.084100554,0.0007276,0.49726397,0.00277,84.597818,0.7276,6.054305,23.669552,0.0048858733,96.336226,864.2991,2.478,1,,,,3.7084832E-6,48.517703,9.2066021,0.027717188,0
3922383.81,,5905,,3.1618,0.043,9.2E-6,3.1668688,0.060865097,0.084760631,0.0007414,0.54672731,0.002989,85.307358,0.7414,9.250056,23.301779,0.0055328004,96.124685,899.73095,2.608,1,,,,3.8067249E-6,47.339104,10.029058,0.026764807,0
3922572.8,,5905,,3.1592,0.043,9.2E-6,3.1679493,0.061412413,0.084820092,0.000792,0.54717478,0.002991,85.367267,0.792,6.6166663,23.336867,0.0057519554,95.971433,899.82758,2.783,1,,,,3.8096726E-6,46.603559,10.035903,0.026774447,0
3922761.41,,5905,,3.156,0.043,9.2E-6,3.16833,0.0612257,0.084596298,0.0006942,0.54723939,0.002991,85.143538,0.6942,5.5335241,22.778631,0.0052444096,96.258052,900.7286,2.45,1,,,,3.8813478E-6,46.673735,10.038315,0.026700595,0
3923051.7,,5905,,3.3004,0.043,9.2E-6,3.3080669,0.063929303,0.08497362,0.0007996,0.60552984,0.003163,85.57915,0.7996,11.253061,21.914447,0.0055641397,96.249095,939.06049,2.927,1,,,,4.0552278E-6,45.557262,10.943307,0.02568679,0
3923230.38,,5905,,3.2991,0.043,9.2E-6,3.3088602,0.064215426,0.084123568,0.0007554,0.60603867,0.003164,84.729606,0.7554,2.2168871,21.836378,0.0057072114,96.177406,942.43886,2.804,1,,,,4.0322669E-6,43.828895,10.948556,0.02542373,0
3923408.47,,5905,,3.3007,0.043,9.2E-6,3.3084942,0.064080275,0.084204212,0.0008192,0.6059013,0.003164,84.810113,0.8192,3.1572335,21.97424,0.0061166661,95.913167,942.03369,3.035,1,,,,4.0216831E-6,43.672756,10.946134,0.025450917,0
3923693.73,,5905,,3.4416,0.043,9.2E-6,3.4561854,0.068338657,0.084332865,0.0007134,0.67652422,0.003431,85.009389,0.7134,3.9954281,20.946888,0.0061775962,96.11829,983.58539,2.758,1,,,,4.2196759E-6,43.948481,11.945217,0.024400562,0
3923866.09,,5905,,3.4442,0.043,9.2E-6,3.4565013,0.067806805,0.083703141,0.000653,0.67673297,0.003433,84.379874,0.653,3.4138832,20.484351,0.0056501798,96.407833,986.13598,2.551,1,,,,4.2703103E-6,41.893777,11.947402,0.024216146,0
3924033.67,,5905,,3.4427,0.043,9.2E-6,3.4560863,0.06704918,0.083252739,0.0006835,0.67655564,0.003431,83.929295,0.6835,8.3817048,20.319583,0.0057769627,96.312588,987.79251,2.688,1,,,,4.2861085E-6,40.968702,11.944532,0.024088733,0
3924311.13,,5905,,3.5914,0.043,9.2E-6,3.6087224,0.071259187,0.083633662,0.0007674,0.75283511,0.004301,84.386497,0.7674,1.8792884,19.880454,0.0067562802,96.001825,1029.8495,3.131,1,,,,4.4183964E-6,40.639166,13.022877,0.023175422,0
3924454.39,,5905,,3.6028,0.043,9.2E-6,3.6101048,0.07058626,0.083584392,0.0006963,0.75334782,0.004307,84.33774,0.6963,2.8695847,18.86671,0.0054620074,96.61934,1030.4464,2.846,1,,,,4.6238618E-6,39.760908,13.032857,0.023152899,0
3924611.66,,5905,,3.593,0.043,9.2E-6,3.6086125,0.069103166,0.082967747,0.0006714,0.75280544,0.0043,83.720552,0.6714,3.9257409,19.107962,0.0062025998,96.21912,1032.566,2.771,1,,,,4.5505901E-6,37.733419,13.022084,0.022991592,0
3924880.03,,5905,,3.7569,0.043,9.2E-6,3.7693064,0.07359513,0.083897941,0.000681,0.84344307,0.004444,84.741384,0.681,1.9994233,18.244194,0.0059772457,96.561454,1074.546,2.892,1,,,,4.8070225E-6,38.215923,14.207671,0.022258191,0
3925014.44,,5905,,3.7546,0.043,9.2E-6,3.7699111,0.072558312,0.083601856,0.0007313,0.84403567,0.004438,84.445892,0.7313,4.3030607,17.961534,0.0062196015,96.374033,1075.9856,3.119,1,,,,4.8749177E-6,36.488388,14.21223,0.022176081,0
3925164.92,,5905,,3.753,0.043,9.2E-6,3.7694191,0.071946195,0.083515625,0.0007062,0.84377665,0.004441,84.359401,0.7062,5.7896532,17.906184,0.0060861893,96.445928,1076.2153,3.016,1,,,,4.8814018E-6,35.923068,14.20852,0.0221561,0
3925427.78,,5905,,3.9193,0.043,9.2E-6,3.9369022,0.076118459,0.083893079,0.0007916,0.96821014,0.003243,84.86129,0.7916,3.4031548,16.919475,0.0060284254,96.739346,1122.3455,3.508,1,,,,5.1808771E-6,35.812367,15.499199,0.021309414,0
3925571.63,,5905,,3.9229,0.043,9.2E-6,3.936447,0.075888586,0.082730846,0.0006611,0.96828792,0.003243,83.699134,0.6611,4.2649991,17.043961,0.0067637701,96.405998,1127.4464,2.987,1,,,,5.0897149E-6,33.83895,15.495615,0.021016629,0
3925699.02,,5905,,3.9239,0.043,9.2E-6,3.9366886,0.075953922,0.083247312,0.0006253,0.96841396,0.003243,84.215726,0.6253,2.1111047,17.322971,0.0076650787,95.950384,1125.1791,2.803,1,,,,5.062088E-6,34.087923,15.497517,0.021146532,0
3925958.09,,5905,,4.0923,0.043,9.2E-6,4.1114441,0.081373063,0.08292159,0.0007156,1.0756398,0.004028,83.99723,0.7156,14.633619,16.056313,0.0073265828,96.257123,1176.6641,3.366,1,,,,5.4297512E-6,34.645942,16.903972,0.020168483,0
3926079.27,,5905,,4.0969,0.043,9.2E-6,4.11127,0.078088596,0.084016301,0.000749,1.0756232,0.004028,85.091924,0.749,1.55641,15.999812,0.0069326245,96.40529,1171.4816,3.461,1,,,,5.5117191E-6,32.112626,16.902541,0.020435608,0
3926200.08,,5905,,4.0913,0.043,9.2E-6,4.111156,0.079736002,0.081713581,0.0006623,1.0756231,0.004028,82.789204,0.6623,2.0183059,15.845673,0.0073426594,96.252889,1182.3513,3.177,1,,,,5.4229619E-6,31.999624,16.901603,0.01987606,0
3926448.78,,5905,,4.2749,0.043,9.2E-6,4.2933027,0.082751766,0.082532205,0.0006448,1.2267557,0.004394,83.758961,0.6448,4.442239,14.486271,0.0063706811,96.859591,1230.64,3.188,1,,,,5.9640504E-6,31.691347,18.432448,0.019223477,0
3926560.14,,5905,,4.2801,0.043,9.2E-6,4.2921903,0.080377937,0.082201276,0.0006778,1.2262514,0.004394,83.427527,0.6778,7.3144056,14.734545,0.0072198093,96.500987,1231.97,3.368,1,,,,5.8614456E-6,28.972541,18.422898,0.019151359,0
3926672.64,,5905,,4.2746,0.043,9.2E-6,4.2927318,0.081481446,0.08159738,0.0006993,1.2267938,0.004394,82.824174,0.6993,6.1349816,14.611327,0.0073256382,96.444915,1235.1575,3.508,1,,,,5.8714002E-6,29.469089,18.427546,0.019008264,0
3926911.73,,5905,,4.4631,0.043,9.2E-6,4.4836923,0.08828316,0.07994494,0.000681,1.3700399,0.004851,81.31498,0.681,42.213177,13.872581,0.0077584566,96.509661,1298.9312,3.668,1,,,,6.0665837E-6,29.222654,20.103497,0.017830157,0
3927033.92,,5905,,4.4647,0.043,9.2E-6,4.4838908,0.084681342,0.081528212,0.0007057,1.369903,0.004851,82.898115,0.7057,3.8809115,13.454566,0.0062239529,97.073381,1290.5249,3.702,1,,,,6.341089E-6,27.745163,20.105277,0.01818247,0
3927139.17,,5905,,4.4703,0.043,9.2E-6,4.4835266,0.083955714,0.08033862,0.0007128,1.3696825,0.00485,81.708302,0.7128,2.8570784,13.185249,0.0056804142,97.318868,1296.7581,3.813,1,,,,6.3620711E-6,26.909133,20.102011,0.017918622,0
3927367.72,,5905,,4.6601,0.043,9.2E-6,4.6815007,0.09094716,0.078494902,0.0006883,1.5411675,0.00452,80.03607,0.6883,1.2474307,12.912503,0.0082047557,96.523278,1364.5369,3.965,1,,,,6.4132258E-6,26.370497,21.916449,0.016767039,0
3927469.66,,5905,,4.6623,0.043,9.2E-6,4.6823687,0.09064307,0.078534173,0.0006407,1.5418688,0.004519,80.076042,0.6407,1.8825087,12.785178,0.0082800181,96.453924,1364.5624,3.691,1,,,,6.4848227E-6,25.825007,21.924577,0.016772317,0
3927571.47,,5905,,4.6507,0.043,9.2E-6,4.6821924,0.090635615,0.077781813,0.0006224,1.5418443,0.004519,79.323657,0.6224,5.8057301,12.542141,0.0074438925,96.790593,1368.8964,3.632,1,,,,6.5263328E-6,25.570356,21.922925,0.016612263,0
3927800.61,,5905,,4.869,0.043,9.2E-6,4.8896924,0.096747646,0.077124356,0.0005208,1.7316714,0.005693,78.856027,0.5208,2.3158378,12.159082,0.009348413,96.294261,1433.6122,3.213,1,,,,6.7242891E-6,25.084282,23.909091,0.015772844,0
3927898.42,,5905,,4.8733,0.043,9.2E-6,4.8902103,0.096588756,0.07569161,0.0006323,1.7320498,0.005698,77.42366,0.6323,2.7292857,11.628721,0.0082961296,96.63428,1442.754,3.995,1,,,,6.879766E-6,24.318163,23.914156,0.015478191,0
3927992.39,,5905,,4.8738,0.043,9.2E-6,4.8897926,0.092591296,0.076541566,0.0005429,1.7313124,0.005689,78.272879,0.5429,0.35390825,11.273827,0.0064133978,97.303337,1437.271,3.382,1,,,,7.1269892E-6,23.257443,23.910072,0.015653336,0
3928210.52,,5905,,5.081,0.043,9.2E-6,5.1066358,0.098293653,0.076097045,0.0004873,1.9429357,0.006105,78.03998,0.4873,0.91847767,10.898722,0.0072235345,97.198828,1503.9254,3.197,1,,,,7.3568147E-6,22.547654,26.07773,0.0149016,0
3928311.7,,5905,,5.0727,0.043,9.2E-6,5.1058045,0.098182765,0.076142302,0.0007037,1.9428186,0.006104,78.085121,0.7037,0.69962703,11.127473,0.0079338023,96.978552,1503.3826,4.603,1,,,,7.2253668E-6,21.797444,26.06924,0.01491289,0
3928414.64,,5905,,5.0858,0.043,9.3E-6,5.1062425,0.09981768,0.075323071,0.0005812,1.94361,0.006107,77.266681,0.5812,1.223943,11.096349,0.0094032054,96.42875,1508.9427,3.861,1,,,,7.2085422E-6,22.254946,26.073713,0.014751174,0
3928630.64,,5905,,5.3097,0.043,9.2E-6,5.3338735,0.10547832,0.075788776,0.0006364,2.2289378,0.006644,78.017714,0.6364,1.6109826,10.406976,0.0090013966,96.791636,1572.9747,4.378,1,,,,7.7313811E-6,22.192697,28.450206,0.014208956,0
3928716.98,,5905,,5.3147,0.043,9.2E-6,5.332974,0.10229134,0.075555795,0.0006157,2.2274535,0.006658,77.783248,0.6157,5.0003949,10.0372,0.0071233783,97.387849,1574.3243,4.253,1,,,,7.9457636E-6,20.813953,28.440612,0.014167666,0
3928800.48,,5905,,5.3187,0.043,9.2E-6,5.3325407,0.10114058,0.074088086,0.0005464,2.2270818,0.006662,76.315168,0.5464,0.32122613,9.7747715,0.006884984,97.456293,1584.5236,3.876,1,,,,7.9995593E-6,20.074399,28.43599,0.013893581,0
3929012.88,,5905,,5.5422,0.043,9.2E-6,5.5688492,0.10716116,0.073587831,0.0006142,2.5270498,0.006031,76.114881,0.6142,1.7422002,9.4483605,0.0090202777,96.944015,1658.4821,4.589,1,,,,8.2934806E-6,19.549543,31.012082,0.01321419,0
3929093.86,,5905,,5.5458,0.043,9.3E-6,5.5694366,0.10685081,0.07279872,0.0005533,2.5286281,0.006039,75.327348,0.5533,1.5174313,9.3200107,0.0088917067,96.97952,1664.6285,4.196,1,,,,8.317667E-6,18.896721,31.018624,0.01307111,0
3929183.73,,5905,,5.5423,0.043,9.2E-6,5.5683845,0.10548122,0.074098706,0.0006221,2.5274547,0.006033,76.626161,0.6221,0.82195577,9.6498967,0.0098090617,96.718813,1654.5237,4.605,1,,,,8.1927919E-6,18.640021,31.006905,0.013307038,0
3929412.63,,5905,,5.7875,0.043,9.2E-6,5.8188434,0.11424019,0.072402818,0.0004792,2.8847707,0.007795,75.287588,0.4792,1.8504015,8.5561618,0.0090407969,97.058441,1742.337,3.827,1,,,,9.0461266E-6,19.299793,33.858939,0.012442819,0
3929487.17,,5905,,5.7885,0.043,9.2E-6,5.8167071,0.10857056,0.071255129,0.0006165,2.8829463,0.007801,74.138075,0.6165,3.2893014,8.2390192,0.0069791661,97.687934,1750.9986,5.021,1,,,,9.1953126E-6,17.112324,33.834082,0.01225008,0
3929560.28,,5905,,5.796,0.043,9.3E-6,5.8145792,0.10693838,0.071707393,0.0005602,2.8814052,0.007805,74.588798,0.5602,0.78246055,8.6401891,0.0093767214,97.000964,1746.6704,4.525,1,,,,8.8797311E-6,16.478038,33.809332,0.012332344,0
3929761.25,,5905,,6.0479,0.043,9.2E-6,6.0753399,0.12209603,0.067875857,0.0004678,3.157419,0.00473,71.033276,0.4678,2.0433434,8.0192207,0.0099248273,97.011772,1858.7148,4.25,1,,,,9.107325E-6,17.280378,36.909755,0.011172356,0
3929832.69,,5905,,6.0446,0.043,9.2E-6,6.073127,0.11942901,0.068228223,0.0004441,3.1569329,0.004726,71.385156,0.4441,1.3699955,8.3203794,0.010315527,96.991369,1854.8336,4.007,1,,,,8.8229815E-6,16.038441,36.882872,0.011234447,0
3929907.2,,5905,,6.0535,0.043,9.2E-6,6.0750301,0.11952231,0.06861915,0.0005909,3.1575573,0.004732,71.776708,0.5909,2.5316354,7.9687309,0.0095836458,97.068646,1851.8847,5.286,1,,,,9.2562059E-6,16.640759,36.905991,0.011295277,0
3930104.97,,5905,,6.3135,0.043,9.2E-6,6.3424708,0.12629608,0.067123407,0.0005092,3.4307357,0.008799,70.554143,0.5092,0.46312721,7.5358557,0.0099706177,97.069766,1947.6657,4.9,1,,,,9.6186139E-6,15.937462,40.226935,0.010583164,0
3930173.47,,5905,,6.3118,0.043,9.2E-6,6.3418783,0.12595686,0.066015125,0.0003874,3.4307421,0.008799,69.445867,0.3874,0.44898601,7.4785708,0.0078855861,97.712134,1958.3216,3.815,1,,,,9.4826663E-6,15.071711,40.219421,0.010409396,0
3930242.34,,5905,,6.3034,0.043,9.2E-6,6.341717,0.12417832,0.066578448,0.0004126,3.4307535,0.008799,70.009201,0.4126,1.0224264,7.5622415,0.010421444,96.967863,1952.7332,4.018,1,,,,9.5199109E-6,14.957142,40.217374,0.010498489,0
3930437.94,,5905,,6.5893,0.043,9.2E-6,6.6230134,0.13645808,0.064799801,0.0005106,3.8267172,0.01059,68.626519,0.5106,0.62440949,7.3720919,0.014202069,96.22826,2057.8403,5.376,1,,,,9.6349261E-6,15.124483,43.864306,0.009784036,0
3930505.52,,5905,,6.5937,0.043,9.2E-6,6.6235297,0.13836932,0.063349961,0.0004978,3.8272901,0.01059,67.177251,0.4978,2.7813547,7.2418858,0.013101107,96.538388,2073.5823,5.403,1,,,,9.5725623E-6,14.744184,43.871145,0.009564381,0
3930572.17,,5905,,6.5928,0.043,9.2E-6,6.6228295,0.13443961,0.064577775,0.0004192,3.8250295,0.01059,68.402805,0.4192,1.3807094,7.153616,0.01099279,97.018925,2060.1387,4.439,1,,,,9.8242725E-6,14.483772,43.86187,0.0097507833,0
3930766.45,,5905,,6.8877,0.043,9.2E-6,6.9196317,0.14151163,0.063580554,0.0003548,4.3044424,0.009451,67.884996,0.3548,3.3496221,6.5962541,0.011865273,96.897566,2163.6589,4.009,1,,,,1.0581028E-5,14.307232,47.881302,0.0091884303,0
3930838.23,,5905,,6.8848,0.043,9.2E-6,6.9183163,0.13477113,0.063964366,0.0004805,4.3017335,0.009452,68.2661,0.4805,6.6274006,6.3844416,0.0091945832,97.513661,2158.9121,5.379,1,,,,1.093228E-5,13.192508,47.863101,0.0092456551,0
3930908.11,,5905,,6.8826,0.043,9.2E-6,6.9156049,0.13512624,0.06290117,0.0004397,4.2999108,0.009452,67.201081,0.4397,0.81934774,6.5540528,0.011053062,97.121088,2170.1571,5.033,1,,,,1.0520109E-5,12.768883,47.825592,0.0090955413,0
3931102.31,,5905,,7.1894,0.043,9.2E-6,7.2246726,0.1435713,0.063205959,0.0003319,4.865743,0.01055,68.071702,0.3319,0.24938425,5.9253593,0.0055947888,98.56229,2263.4943,3.948,1,,,,1.1632812E-5,13.108106,52.195895,0.008748626,0
3931161.86,,5905,,7.1899,0.043,9.2E-6,7.219901,0.1387885,0.062339744,0.000416,4.8630005,0.01054,67.202745,0.416,1.741325,6.2139928,0.012924876,96.827809,2272.428,5.032,1,,,,1.112028E-5,11.850719,52.12697,0.008634432,0
3931222.98,,5905,,7.1884,0.043,9.2E-6,7.2225008,0.13881116,0.065256093,0.0004424,4.8646644,0.01055,70.120757,0.4424,1.3342332,6.2259262,0.0078671713,98.013664,2238.8646,5.037,1,,,,1.1460635E-5,12.427986,52.164518,0.0090351105,0
3931413.09,,5905,,7.5056,0.043,9.2E-6,7.5458091,0.15002987,0.063447276,0.0002775,5.5213185,0.01597,68.968594,0.2775,1.461728,5.8448401,0.0094585392,97.76774,2361.1055,3.432,1,,,,1.2028296E-5,12.451852,56.939235,0.00840828,0
3931472.81,,5905,,7.5137,0.043,9.2E-6,7.543537,0.14449203,0.061780239,0.0004688,5.5163605,0.01598,67.296599,0.4688,0.79683219,5.4951917,0.012079284,97.016946,2381.4368,5.994,1,,,,1.2564518E-5,11.68968,56.904951,0.0081898238,0
3931530.38,,5905,,7.5061,0.043,9.2E-6,7.5412138,0.14374412,0.061249732,0.0004177,5.5129582,0.01598,66.76269,0.4177,3.5131241,5.81104,0.013368278,96.896384,2387.557,5.403,1,,,,1.1799402E-5,10.990383,56.869905,0.0081219992,0
3931721.48,,5905,,7.8409,0.043,9.2E-6,7.8822223,0.15703365,0.06092211,0.0002495,6.1571048,0.01284,67.079215,0.2495,1.7950167,5.2760166,0.0081097534,98.13325,2499.9861,3.404,1,,,,1.2913793E-5,11.62208,62.129429,0.0077290525,0
3931777.36,,5905,,7.8374,0.043,9.2E-6,7.878371,0.14927223,0.061571416,0.0003296,6.1517274,0.01279,67.723144,0.3296,3.9538039,5.4310617,0.01083354,97.54467,2489.9499,4.427,1,,,,1.2729569E-5,10.552033,62.06873,0.0078152471,0
3931834.22,,5905,,7.8306,0.043,9.2E-6,7.8803148,0.15142349,0.061372418,0.0003711,6.1560601,0.01283,67.528478,0.3711,0.14078489,5.3603741,0.010880006,97.509132,2493.2532,5.005,1,,,,1.2864078E-5,10.862123,62.099361,0.0077880668,0
3932023.67,,5905,,8.1786,0.043,9.3E-6,8.2306553,0.15929498,0.062175103,0.0002227,6.8710892,0.01201,69.046192,0.2227,0.99047347,5.192472,0.0096972744,97.887795,2592.8425,3.089,1,,,,1.353047E-5,10.720748,67.743686,0.007554089,0
3932084.81,,5905,,8.1802,0.043,9.2E-6,8.2299727,0.15567133,0.06291391,0.000356,6.8691152,0.01197,69.783025,0.356,0.26214601,5.1846565,0.01035438,97.716501,2582.439,4.853,1,,,,1.3715705E-5,10.384944,67.73245,0.0076444859,0
3932140.23,,5905,,8.1821,0.043,9.2E-6,8.2304276,0.15893023,0.06176437,0.0003864,6.8711769,0.01201,68.635547,0.3864,0.22640517,5.2587231,0.011021033,97.638568,2598.5054,5.397,1,,,,1.3307922E-5,10.369313,67.739938,0.0075043938,0
3932330.41,,5905,,8.5412,0.043,9.2E-6,8.5950391,0.16841125,0.063089283,0.0003211,7.728748,0.01553,70.818031,0.3211,2.8660349,5.1655977,0.013030032,97.363917,2694.49,4.556,1,,,,1.4004896E-5,10.517446,73.874698,0.0073401973,0
3932385.61,,5905,,8.5384,0.043,9.2E-6,8.595414,0.16800914,0.063460967,0.000292,7.7293749,0.01553,71.190342,0.292,4.5673272,5.2014921,0.011574369,97.66829,2689.3365,4.113,1,,,,1.3946761E-5,10.331195,73.881141,0.0073831193,0
3932440.59,,5905,,8.5454,0.043,9.2E-6,8.5942052,0.17093169,0.062305387,0.0003513,7.7280647,0.01552,70.033452,0.3513,1.2139831,5.2132276,0.013831251,97.252551,2705.4806,5.066,1,,,,1.3734994E-5,10.402984,73.860362,0.0072496974,0
3932630.72,,5905,,8.918,0.043,9.2E-6,8.9788227,0.17885812,0.063499572,0.0002925,8.607116,0.01161,72.106688,0.2925,0.34437174,4.9246129,0.011895818,97.671568,2808.7282,4.3,1,,,,1.4913471E-5,10.426455,80.619257,0.007072149,0
3932683.94,,5905,,8.9231,0.043,9.2E-6,8.9743413,0.1720642,0.064228269,0.0003724,8.5994769,0.01161,72.827746,0.3724,1.0229372,4.9227704,0.012888477,97.448951,2796.6692,5.384,1,,,,1.5096087E-5,9.8492258,80.538802,0.0071568784,0
3932737.03,,5905,,8.9211,0.043,9.2E-6,8.9749325,0.17810074,0.0621568,0.0003162,8.6030424,0.01161,70.759843,0.3162,1.4076182,4.979127,0.013386794,97.446372,2827.5842,4.779,1,,,,1.4499447E-5,9.8455408,80.549413,0.0069256009,0
3932925.11,,5905,,9.3214,0.043,9.2E-6,9.3736165,0.1875208,0.064214735,0.0003626,9.5563673,0.01562,73.771102,0.3626,0.63924546,4.9025444,0.014281289,97.380367,2921.3003,5.478,1,,,,1.535514E-5,9.9582541,87.864686,0.0068505827,0
3932978.14,,5905,,9.3215,0.043,9.2E-6,9.3739177,0.18407691,0.065149635,0.0003437,9.5607818,0.01567,74.710417,0.3437,2.0786457,4.8074179,0.011894547,97.756093,2907.3528,5.095,1,,,,1.5812602E-5,9.8050887,87.870333,0.0069500968,0
3933031.67,,5905,,9.3232,0.043,9.2E-6,9.3721252,0.18299901,0.064074655,0.000374,9.5551189,0.01561,73.629774,0.374,12.252731,4.759352,0.014821101,97.201118,2922.9625,5.665,1,,,,1.5808976E-5,9.6148358,87.83673,0.0068367264,0
3933217.2,,5905,,9.7274,0.043,9.2E-6,9.7872367,0.19104828,0.066771,0.0003439,10.696711,0.01783,77.467711,0.3439,0.51544825,4.8163635,0.014401223,97.455355,3010.7734,5.151,1,,,,1.639723E-5,9.518704,95.790002,0.0068222525,0
3933270.2,,5905,,9.7366,0.043,9.2E-6,9.7881347,0.19323862,0.06777897,0.0003516,10.701232,0.01786,78.480202,0.3516,7.3564259,4.9268867,0.014252526,97.512341,2996.0489,5.163,1,,,,1.6232962E-5,9.632727,95.807581,0.0069246053,0
3933323.09,,5905,,9.7339,0.043,9.2E-6,9.7910096,0.19702816,0.065885057,0.0003046,10.707997,0.01789,76.593053,0.3046,4.3225343,4.6958926,0.014104113,97.470967,3025.3742,4.648,1,,,,1.6624755E-5,9.8537735,95.863869,0.0067291382,0
3933515,,5905,,10.1616,0.043,9.2E-6,10.229574,0.20075015,0.06914923,0.000307,11.949565,0.02041,81.098795,0.307,108.28871,4.7975373,0.013874823,97.672805,3110.3485,4.589,1,,,,1.719794E-5,9.3917851,104.64418,0.0067597371,0
3933568.48,,5905,,10.1625,0.043,9.2E-6,10.232046,0.20483566,0.069214925,0.0003127,11.958571,0.02044,81.173495,0.3127,85.477731,4.81122,0.014189211,97.625971,3110.1157,4.669,1,,,,1.7170903E-5,9.5950746,104.69477,0.0067645242,0
3933621.73,,5905,,10.1623,0.043,9.2E-6,10.234162,0.20500217,0.06947551,0.0003302,11.965443,0.02047,81.440953,0.3302,120.78581,4.8380493,0.01466155,97.554127,3106.8647,4.907,1,,,,1.714152E-5,9.6224401,104.73808,0.0067885879,0
3933813.28,,5905,,10.6125,0.043,9.2E-6,10.687137,0.2130789,0.072678525,0.0003335,13.394724,0.02294,86.073249,0.3335,22.14075,4.8293815,0.015033375,97.605892,3195.9991,4.873,1,,,,1.8135509E-5,9.6760986,114.2149,0.0068005608,0
3933866.67,,5905,,10.6108,0.043,9.2E-6,10.688065,0.21450023,0.072673282,0.0003207,13.398143,0.02294,86.071425,0.3207,33.583677,4.8134091,0.014641429,97.661703,3196.3535,4.688,1,,,,1.8187761E-5,9.6587631,114.23473,0.0067994799,0
3933920.34,,5905,,10.6109,0.043,9.2E-6,10.688278,0.21437834,0.072784835,0.000335,13.399603,0.02294,86.184438,0.335,98.728349,4.8532238,0.01511096,97.603493,3194.7833,4.886,1,,,,1.8070154E-5,9.6268182,114.23928,0.0068097815,0
3934111.5,,5905,,11.0802,0.043,9.2E-6,11.159515,0.22219311,0.076673174,0.0003281,15.017663,0.02422,91.690838,0.3281,118.98974,4.8783998,0.015101848,97.718367,3278.2709,4.663,1,,,,1.9103107E-5,9.7064476,124.53478,0.0068706547,0
3934165.13,,5905,,11.0798,0.043,9.2E-6,11.161467,0.22466175,0.076692921,0.0003337,15.025362,0.02422,91.718283,0.3337,148.50685,4.8850314,0.015411508,97.674715,3278.563,4.741,1,,,,1.9088901E-5,9.7567997,124.57835,0.0068712222,0
3934219.19,,5905,,11.0799,0.043,9.2E-6,11.161063,0.22464153,0.076775236,0.0003412,15.023986,0.02422,91.799222,0.3412,68.845027,4.883959,0.015438079,97.668276,3277.272,4.84,1,,,,1.9110953E-5,9.7700628,124.56932,0.0068788464,0
3934415.75,,5905,,11.57,0.043,9.2E-6,11.6548,0.2311497,0.081608971,0.0003421,16.683503,0.02548,98.292474,0.3421,89.463201,4.9731248,0.015581787,97.757022,3353.3034,4.673,1,,,,2.0078339E-5,9.767918,135.83436,0.007002177,0
3934469.95,,5905,,11.5702,0.043,9.2E-6,11.657511,0.23519637,0.082122292,0.000338,16.685884,0.02548,98.808176,0.338,113.24547,4.9992085,0.015375921,97.789413,3347.0805,4.58,1,,,,2.0074365E-5,9.9462497,135.89757,0.0070445819,0
3934524.25,,5905,,11.5702,0.043,9.2E-6,11.658057,0.23576739,0.082103264,0.0003426,16.688,0.02548,98.791263,0.3426,112.89753,5.0017194,0.015543764,97.766736,3347.4959,4.644,1,,,,2.0064072E-5,9.998417,135.9103,0.0070426196,0
3934724.48,,5905,,12.0822,0.043,9.2E-6,12.17271,0.24253262,0.087728874,0.000354,18.444162,0.02685,106.17304,0.354,143.10309,5.12973,0.015917949,97.820261,3418.9112,4.586,1,,,,2.1013467E-5,10.003439,148.17487,0.0072070124,0
3934779.33,,5905,,12.082,0.043,9.2E-6,12.174973,0.24787173,0.087803031,0.000358,18.454085,0.02686,106.25712,0.358,76.760587,5.1342462,0.016086076,97.798541,3418.5838,4.633,1,,,,2.1014872E-5,10.25946,148.22998,0.0072117637,0
3934834.64,,5905,,12.0816,0.043,9.2E-6,12.175569,0.24808136,0.087745869,0.000359,18.456086,0.02686,106.20195,0.359,75.92897,5.1296917,0.01587289,97.827126,3419.4932,4.651,1,,,,2.1018279E-5,10.268492,148.24447,0.0072067163,0
3935039.56,,5905,,12.6147,0.043,9.2E-6,12.703805,0.25635049,0.094033786,0.0004249,20.362031,0.02849,114.39582,0.4249,2.2920009,5.3938846,0.017683657,97.740735,3486.4839,5.235,1,,,,2.1540779E-5,10.259383,161.38666,0.0074020173,0
3935094.63,,5905,,12.6174,0.043,9.2E-6,12.713143,0.2641641,0.094075923,0.0003778,20.398168,0.02853,114.47409,0.3778,99.448817,5.3070516,0.016536317,97.855544,3488.5256,4.658,1,,,,2.1890447E-5,10.787769,161.624,0.007399895,0
3935150.33,,5905,,12.6172,0.043,9.2E-6,12.713333,0.26188201,0.094271441,0.0003736,20.397904,0.02853,114.66934,0.3736,83.252586,5.3049826,0.016470901,97.86031,3486.1643,4.593,1,,,,2.1935842E-5,10.614103,161.62883,0.0074151635,0
3935356.63,,5905,,13.1741,0.043,9.2E-6,13.273612,0.26760184,0.10165154,0.0004094,22.614546,0.03069,124.26609,0.4094,85.649142,5.5235861,0.01734068,97.875349,3549.4838,4.752,1,,,,2.2825191E-5,10.609965,176.18877,0.0076581674,0
3935414.17,,5905,,13.1744,0.043,9.2E-6,13.279222,0.27531256,0.10206048,0.0003835,22.629129,0.03071,124.6896,0.3835,48.94394,5.4831896,0.016393683,97.972887,3546.2351,4.431,1,,,,2.3056527E-5,11.047172,176.33774,0.007685727,0
3935470.81,,5905,,13.174,0.043,9.2E-6,13.278029,0.27460648,0.101481,0.0003911,22.634891,0.03072,124.11589,0.3911,161.71931,5.4685373,0.016721844,97.934434,3552.6529,4.552,1,,,,2.3017374E-5,10.966379,176.30605,0.0076427763,0
3935676.89,,5905,,13.7559,0.043,9.2E-6,13.861838,0.2784379,0.11065684,0.0004284,25.169732,0.03413,135.82657,0.4284,126.71472,5.7325653,0.017528231,97.960565,3603.3699,4.639,1,,,,2.4022275E-5,10.937075,192.15054,0.0079828407,0
3935735.64,,5905,,13.7559,0.043,9.2E-6,13.868555,0.28833435,0.11103574,0.0004135,25.191752,0.03416,136.22749,0.4135,35.012043,5.7196161,0.017034075,98.01069,3601.0107,4.459,1,,,,2.4139727E-5,11.465131,192.33682,0.0080062948,0
3935794.75,,5905,,13.7558,0.043,9.2E-6,13.868355,0.28797164,0.11098324,0.0004171,25.190922,0.03416,136.17417,0.4171,122.75345,5.7258331,0.017273246,97.985336,3601.5263,4.5,1,,,,2.4108221E-5,11.439232,192.33126,0.0080026252,0
3936004.14,,5905,,14.3651,0.043,9.2E-6,14.478138,0.29218472,0.12086916,0.0004437,27.972189,0.04,148.84135,0.4437,42.926416,5.9715424,0.017908294,98.022059,3654.4471,4.46,1,,,,2.5257794E-5,11.451666,209.61648,0.0083483913,0
3936063.69,,5905,,14.3647,0.043,9.2E-6,14.484133,0.30172696,0.12102064,0.0004458,28.004706,0.04008,149.02535,0.4458,58.649829,5.9729147,0.017792231,98.035305,3654.4342,4.476,1,,,,2.5280937E-5,11.943085,209.7901,0.0083553945,0
3936123.84,,5905,,14.3651,0.043,9.2E-6,14.484453,0.3020953,0.12107671,0.0004379,28.006743,0.04009,149.08345,0.4379,185.56764,5.9904186,0.017739327,98.046462,3653.9509,4.394,1,,,,2.5215026E-5,11.945829,209.79938,0.0083590804,0
3936339.75,,5905,,15.0001,0.043,9.2E-6,15.118554,0.30708845,0.13159431,0.0004541,30.9714,0.04922,162.56571,0.4541,75.395214,6.2688264,0.01805474,98.121161,3709.4716,4.257,1,,,,2.6258726E-5,11.980837,228.57069,0.0087041593,0
3936402.39,,5905,,15.0008,0.043,9.2E-6,15.125032,0.31773181,0.13223911,0.0004545,30.994922,0.0493,163.23403,0.4545,256.96899,6.2886855,0.018191517,98.107914,3705.0192,4.235,1,,,,2.6286285E-5,12.537653,228.76658,0.0087430633,0
3936464.77,,5905,,15,0.043,9.2E-6,15.12506,0.31826018,0.13217143,0.0004505,30.995129,0.0493,163.16655,0.4505,232.48074,6.2815885,0.018141357,98.11164,3705.6584,4.201,1,,,,2.6304377E-5,12.577371,228.76743,0.0087385721,0
3936693.31,,5905,,15.5,0.043,9.2E-6,15.62459,0.32071007,0.14083177,0.0004693,33.389189,0.05795,174.22095,0.4693,75.552957,6.5140965,0.018570987,98.148899,3747.9108,4.154,1,,,,2.7075779E-5,12.158219,244.12782,0.0090134693,0
3936756.92,,5905,,15.5003,0.043,9.2E-6,15.62898,0.33029373,0.14093254,0.0004734,33.415525,0.05805,174.34806,0.4734,49.187571,6.5145108,0.018270228,98.179259,3748.07,4.187,1,,,,2.7088259E-5,13.028193,244.26502,0.0090173856,0
3936819.66,,5905,,15.5002,0.043,9.2E-6,15.629329,0.33028421,0.14083255,0.000472,33.41713,0.05805,174.24968,0.472,251.87991,6.507405,0.018440209,98.161075,3749.0405,4.179,1,,,,2.710576E-5,13.029022,244.27592,0.0090107866,0
3937077.34,,5905,,16.9392,0.043,9.2E-6,17.06897,0.33729001,0.17001239,0.0005603,41.067571,0.07735,211.07996,0.5603,205.1753,7.282493,0.020011016,98.236966,3845.2799,4.215,1,,,,2.9322973E-5,13.01481,291.34975,0.0099603191,0
3937146.97,,5905,,16.9394,0.043,9.2E-6,17.085192,0.3634079,0.17103543,0.0005173,41.145738,0.07746,212.18117,0.5173,182.38739,7.2749972,0.018697515,98.347378,3841.2448,3.865,1,,,,2.9485089E-5,14.564986,291.90378,0.010010741,0
3937216.23,,5905,,16.9388,0.043,9.2E-6,17.085547,0.36354451,0.1710745,0.000544,41.148909,0.07747,212.22341,0.544,110.2967,7.3052632,0.019067758,98.321339,3841.0322,4.063,1,,,,2.9373905E-5,14.549994,291.91591,0.01001282,0
3937484.7,,5905,,18.5118,0.043,9.2E-6,18.659674,0.36885086,0.20818806,0.0006067,50.71416,0.09311,258.90222,0.6067,158.25727,8.2131041,0.020608699,98.399213,3929.1587,3.809,1,,,,3.1855506E-5,14.610526,348.18344,0.011157111,0
3937558.86,,5905,,18.5121,0.043,9.2E-6,18.676621,0.39848823,0.20930638,0.0005846,50.807736,0.09333,260.11411,0.5846,75.497225,8.2185762,0.019642733,98.472302,3925.7106,3.648,1,,,,3.1968231E-5,16.426208,348.81619,0.011206865,0
3937632.88,,5905,,18.5122,0.043,9.2E-6,18.67607,0.39829763,0.20967426,0.0006076,50.805511,0.09333,260.47977,0.6076,72.313881,8.2513125,0.020307629,98.424873,3923.2975,3.782,1,,,,3.1896443E-5,16.437152,348.7956,0.011226894,0
3937917.94,,5905,,20.2301,0.043,9.2E-6,20.393899,0.40385099,0.2550458,0.0006715,62.009052,0.1236,317.05485,0.6715,48.383848,9.3124198,0.021101724,98.553387,4013.3618,3.516,1,,,,3.4370578E-5,16.502625,415.91113,0.012505985,0
3937999.45,,5905,,20.2302,0.043,9.2E-6,20.412268,0.43720425,0.25638018,0.0006609,62.125358,0.1239,318.50554,0.6609,110.09621,9.3212088,0.019953609,98.630895,4009.9955,3.44,1,,,,3.4477976E-5,18.62484,416.6607,0.012560102,0
3938080.13,,5905,,20.23,0.043,9.2E-6,20.413203,0.43754315,0.25617931,0.0006485,62.131386,0.1239,318.31069,0.6485,85.25773,9.3055231,0.019757919,98.642825,4011.2271,3.379,1,,,,3.4512132E-5,18.642418,416.69887,0.012549687,0
3938378.56,,5905,,22.1073,0.043,9.2E-6,22.289602,0.43930468,0.31324134,0.0007501,75.679322,0.1556,388.92067,0.7501,75.400463,10.64313,0.021700155,98.693861,4095.9681,3.264,1,,,,3.6856301E-5,18.611046,496.82635,0.01405325,0
3938466.88,,5905,,22.1082,0.043,9.2E-6,22.311468,0.47949499,0.314996,0.0007316,75.840326,0.156,390.83633,0.7316,103.30603,10.665034,0.020784555,98.749084,4092.3594,3.163,1,,,,3.6948651E-5,21.286259,497.80163,0.014118121,0
3938555.3,,5905,,22.1086,0.043,9.2E-6,22.312617,0.4802199,0.31513672,0.0007339,75.849415,0.1561,390.98613,0.7339,12.712543,10.665603,0.020649637,98.757051,4091.9609,3.172,1,,,,3.6958926E-5,21.330068,497.8529,0.0141237,0
3938866.22,,5905,,24.1607,0.043,9.2E-6,24.354377,0.47924021,0.38548645,0.0008489,91.599242,0.2031,477.08569,0.8489,65.37714,12.278669,0.022765391,98.800376,4176.2653,3.061,1,,,,3.916342E-5,21.331206,593.1357,0.01582822,0
3938965.89,,5905,,24.1611,0.043,9.2E-6,24.380735,0.52585116,0.38773751,0.0008132,91.77594,0.2037,479.51344,0.8132,20.619192,12.258515,0.020470407,98.91732,4172.6787,2.913,1,,,,3.9397175E-5,24.557337,594.42022,0.015903438,0
3939064.16,,5905,,24.1613,0.043,9.2E-6,24.380125,0.52492545,0.38759502,0.0008204,91.787985,0.2037,479.38301,0.8204,9.1833263,12.256172,0.020605829,98.910263,4173.0856,2.94,1,,,,3.9395785E-5,24.517031,594.3905,0.015897991,0
3939392.27,,5905,,26.4046,0.043,9.2E-6,26.617877,0.52224473,0.47386416,0.001006,110.55804,0.2696,584.4222,1.006,6.0438742,14.181709,0.023171467,98.931129,4260.9148,3.012,1,,,,4.1502774E-5,24.512345,708.51136,0.017802478,0
3939501.53,,5905,,26.4045,0.043,9.2E-6,26.6476,0.57527334,0.47624912,0.0009205,110.79227,0.2704,587.04139,0.9205,3.1148898,14.152234,0.020566938,99.047929,4258.5403,2.74,1,,,,4.1743281E-5,28.363417,710.09456,0.017872121,0
3939610.83,,5905,,26.4039,0.043,9.2E-6,26.64767,0.57499271,0.47696681,0.0009506,110.79546,0.2704,587.76226,0.9506,3.4026218,14.21694,0.021411453,99.012315,4256.4145,2.824,1,,,,4.1614382E-5,28.304468,710.09831,0.017899006,0
3939963.72,,5905,,28.8551,0.043,9.3E-6,29.087188,0.57006909,0.5856104,0.001113,133.26721,0.339,718.87761,1.113,13.044604,16.47179,0.02448569,99.012407,4338.8981,2.745,1,,,,4.3932264E-5,28.433879,846.06448,0.020132933,0
3940089.08,,5905,,28.8554,0.043,9.2E-6,29.119815,0.62893197,0.58786307,0.001088,133.54233,0.3397,721.4054,1.088,2.8514868,16.41503,0.021313259,99.136781,4338.2096,2.672,1,,,,4.4202298E-5,32.94358,847.96362,0.020187734,0
3940212.36,,5905,,28.8548,0.043,9.3E-6,29.12003,0.62681802,0.5880605,0.001097,133.56198,0.3398,721.62248,1.097,3.5737616,16.429754,0.021779469,99.11853,4337.7561,2.693,1,,,,4.4181422E-5,32.830059,847.97614,0.020194364,0
3940584.64,,5905,,31.534,0.043,9.2E-6,31.788882,0.61659887,0.72417187,0.001283,160.4757,0.3758,884.64757,1.283,21.750521,19.141849,0.025092037,99.114537,4417.8358,2.606,1,,,,4.6492402E-5,32.859508,1010.533,0.022780665,0
3940726.39,,5905,,31.5341,0.043,9.2E-6,31.827324,0.68192144,0.72775574,0.001284,160.83348,0.3759,888.58923,1.284,1.9131177,19.066776,0.022354844,99.206902,4415.9057,2.595,1,,,,4.6854264E-5,38.283698,1012.9785,0.022865754,0
3940866.17,,5905,,31.5341,0.043,9.2E-6,31.826984,0.67963002,0.72802401,0.001281,160.84718,0.3759,888.87119,1.281,1.4262188,19.079889,0.022445022,99.204097,4415.3161,2.587,1,,,,4.6837839E-5,38.133553,1012.9569,0.022874427,0
3941267.78,,5905,,34.461,0.043,9.3E-6,34.740415,0.66694477,0.89198062,0.001442,192.47215,0.4662,1084.4528,1.442,3.4765726,22.118158,0.026398433,99.180023,4503.989,2.425,1,,,,4.9304546E-5,38.159778,1206.8964,0.025675589,0
3941447.84,,5905,,34.4618,0.043,9.3E-6,34.780426,0.73314997,0.8953659,0.001371,192.88893,0.4692,1088.2548,1.371,7.6446243,21.925888,0.022698129,99.288306,4503.4863,2.297,1,,,,4.987441E-5,44.236315,1209.6781,0.025743385,0
3941604.61,,5905,,34.461,0.043,9.2E-6,34.780118,0.73055874,0.89584661,0.001411,192.88612,0.4692,1088.7327,1.411,0.82676439,22.025299,0.022735182,99.290113,4502.6408,2.362,1,,,,4.9670538E-5,43.851775,1209.6566,0.025757434,0
3942032.89,,5905,,37.6614,0.043,9.2E-6,37.96619,0.72394497,1.0905248,0.001866,227.76427,0.774,1318.2891,1.866,1.4043921,25.738873,0.02875536,99.216028,4603.265,2.623,1,,,,5.1495077E-5,44.050597,1441.4315,0.028723578,0
3942238.25,,5905,,37.6612,0.043,9.2E-6,38.012587,0.80212715,1.0954276,0.001785,228.21848,0.7768,1323.6461,1.785,2.0734614,25.579184,0.024592935,99.324493,4602.0042,2.497,1,,,,5.1988271E-5,51.477747,1444.9567,0.028817497,0
3942418.44,,5905,,37.661,0.043,9.2E-6,38.013083,0.79782071,1.0954862,0.001812,228.21582,0.7767,1323.702,1.812,0.55596364,25.500278,0.02346293,99.353581,4601.9823,2.535,1,,,,5.2140848E-5,51.158368,1444.9945,0.028818661,0
3942881.64,,5905,,41.1569,0.043,9.2E-6,41.48378,0.78795385,1.3312284,0.002056,264.92523,0.8184,1596.1536,2.056,1.184721,29.471914,0.029494814,99.274969,4706.2497,2.421,1,,,,5.4433873E-5,51.000556,1720.904,0.032090335,0
3943112.05,,5905,,41.1571,0.043,9.2E-6,41.531968,0.86507052,1.3356773,0.001921,265.42383,0.8186,1601.1011,1.921,2.6096046,29.058534,0.025263584,99.369768,4706.4795,2.255,1,,,,5.5342578E-5,58.943828,1724.9044,0.03216022,0
3943341.39,,5905,,41.1559,0.043,9.2E-6,41.533552,0.86344219,1.3348418,0.001936,265.45284,0.8186,1600.2946,1.936,3.7796481,29.461189,0.025848714,99.364284,4707.6406,2.274,1,,,,5.4560745E-5,58.117068,1725.0359,0.032138879,0
3943838.05,,5905,,44.9782,0.043,9.2E-6,45.353532,0.87565033,1.5811148,0.002541,315.43754,1.038,1896.5524,2.541,0.32335231,33.998585,0.033514551,99.287071,4858.5213,2.6,1,,,,5.6061941E-5,58.922378,2056.9429,0.034862,0
3944069.23,,5905,,44.9782,0.043,9.2E-6,45.410498,0.96283948,1.5873001,0.002297,316.20375,1.042,1903.5038,2.297,0.25678019,33.558396,0.026667124,99.425036,4858.2969,2.342,1,,,,5.6950406E-5,67.997169,2062.1134,0.034954474,0
3944328.7,,5905,,44.9782,0.043,9.2E-6,45.409563,0.95624584,1.5863862,0.002156,316.20554,1.042,1902.5917,2.156,1.3969291,33.636509,0.027758319,99.403079,4859.1296,2.199,1,,,,5.6799633E-5,67.116793,2062.0284,0.034935068,0
3944864.02,,5905,,49.1539,0.043,9.2E-6,49.551143,0.96788474,1.8507469,0.003047,383.94665,1.052,2234.6935,3.047,0.29131549,38.634452,0.039651077,99.276765,5036.7698,2.761,1,,,,5.813131E-5,67.273019,2455.3158,0.037350236,0
3945161.98,,5905,,49.1542,0.043,9.2E-6,49.614497,1.0622659,1.8567713,0.002459,384.95394,1.049,2241.7252,2.459,1.4940273,38.099245,0.031678671,99.414127,5037.7493,2.222,1,,,,5.9077187E-5,77.268904,2461.5983,0.037423967,0
3945457,,5905,,49.1534,0.043,9.2E-6,49.614043,1.0538691,1.8559804,0.002469,384.95792,1.049,2240.9383,2.469,2.0984411,38.128286,0.032585583,99.397949,5038.4187,2.233,1,,,,5.9018041E-5,76.198489,2461.5533,0.037408368,0
3946036.7,,5905,,53.7172,0.043,9.2E-6,54.161609,1.0543108,2.1776926,0.003772,467.87052,0.8486,2645.5632,3.772,0.17715552,43.390873,0.0463617,99.264091,5214.8295,3.007,1,,,,6.1277101E-5,76.256572,2933.4799,0.040207311,0
3946365.77,,5905,,53.7175,0.043,9.2E-6,54.229674,1.1508734,2.1842414,0.0027,469.03623,0.8493,2653.2777,2.7,2.3741383,42.761081,0.036483113,99.412487,5216.1594,2.147,1,,,,6.2297616E-5,86.781746,2940.8575,0.040277606,0
3946693.45,,5905,,53.7169,0.043,9.2E-6,54.228967,1.1415385,2.1839499,0.00268,469.03196,0.8493,2652.9819,2.68,1.4110488,42.769333,0.037333774,99.398923,5216.3236,2.132,1,,,,6.2284421E-5,85.522162,2940.7809,0.040272755,0
3947360.19,,5905,,58.7041,0.043,9.3E-6,59.187736,1.1470686,2.5278043,0.003594,563.2028,1.005,3091.0071,3.594,0.27301073,48.102281,0.051779971,99.275792,5422.4789,2.568,1,,,,6.4572896E-5,85.538667,3503.1881,0.042708244,0
3947723.38,,5905,,58.7049,0.043,9.3E-6,59.25438,1.2464588,2.534422,0.002825,564.40256,1.006,3098.8245,2.825,1.4133317,47.559152,0.042424157,99.39994,5423.8555,2.014,1,,,,6.5420616E-5,96.204562,3511.0815,0.042771893,0
3948082.13,,5905,,58.7047,0.043,9.2E-6,59.254118,1.2383931,2.5333921,0.002831,564.40504,1.006,3097.7971,2.831,0.97022267,47.512663,0.042468139,99.398886,5424.5664,2.019,1,,,,6.5463342E-5,95.118304,3511.0506,0.0427547,0
3948795.84,,5905,,64.1538,0.043,9.2E-6,64.686271,1.2610093,2.8642599,0.004123,673.96268,1.008,3538.2226,4.123,0.15062974,52.97203,0.060562143,99.256821,5684.4532,2.725,1,,,,6.7122282E-5,95.025325,4184.3137,0.044279256,0
3949194.28,,5905,,64.1531,0.043,9.2E-6,64.757469,1.3657296,2.8693545,0.002814,675.38854,1.008,3544.7431,2.814,1.544446,52.341873,0.05068635,99.370883,5687.3398,1.858,1,,,,6.8004102E-5,105.94406,4193.5297,0.044309245,0
3949587.94,,5905,,64.1542,0.043,9.2E-6,64.757588,1.3557279,2.8697235,0.002818,675.39416,1.008,3545.1177,2.818,0.81928213,52.290183,0.050136289,99.37706,5687.1065,1.86,1,,,,6.8075748E-5,104.68375,4193.5452,0.044314861,0
3950352.95,,5905,,70.1104,0.043,9.3E-6,70.69528,1.383204,3.2160213,0.005068,810.84274,1.087,4026.864,5.068,0.13331851,57.686393,0.071506269,99.227517,5977.206,3.136,1,,,,7.0153185E-5,104.58037,4997.8227,0.045491315,0
3950785.22,,5905,,70.1093,0.043,9.3E-6,70.772811,1.4901938,3.2223162,0.003297,812.60465,1.089,4034.9209,3.297,1.2328408,56.912492,0.05827326,99.362239,5979.8621,2.038,1,,,,7.1187449E-5,115.37279,5008.7908,0.045530425,0
3951208.7,,5905,,70.1099,0.043,9.2E-6,70.771607,1.4785092,3.2221735,0.003347,812.57524,1.089,4034.7487,3.347,0.65846355,56.86205,0.057763919,99.367265,5979.8487,2.069,1,,,,7.124525E-5,113.82498,5008.6204,0.045529184,0
3952021.44,,5905,,76.6185,0.043,9.2E-6,77.234049,1.5074774,3.6012329,0.005897,978.07076,1.214,4579.3037,5.897,0.10554673,62.220964,0.084204592,99.192722,6288.3849,3.428,1,,,,7.3968378E-5,113.7241,5965.0983,0.04662753,0
3952483.45,,5905,,76.6186,0.043,9.2E-6,77.317612,1.618746,3.6086099,0.003542,980.24583,1.215,4588.8557,3.542,1.3948917,61.355955,0.069873732,99.320952,6290.896,2.057,1,,,,7.5107289E-5,124.44193,5978.0131,0.046672547,0
3952938.08,,5905,,76.6177,0.043,9.2E-6,77.316684,1.6054436,3.6089243,0.003558,980.24924,1.215,4589.1736,3.558,0.58743407,61.286243,0.068177665,99.336674,6290.6377,2.066,1,,,,7.5190545E-5,122.71191,5977.8696,0.046677174,0
3953857.72,,5905,,83.7317,0.043,9.2E-6,84.411191,1.6336996,4.0040469,0.005569,1196.9809,1.366,5201.0278,5.569,0.19963957,66.200517,0.095748826,99.182405,6634.0827,3.073,1,,,,7.8949161E-5,122.57249,7125.2492,0.047435025,0
3954350.8,,5905,,83.731,0.043,9.2E-6,84.49245,1.7467634,4.0110318,0.004017,1199.5095,1.368,5210.5412,4.017,1.0872388,65.416213,0.080432055,99.305264,6636.6122,2.214,1,,,,7.9982757E-5,132.40103,7138.9741,0.047472073,0
3954838.27,,5905,,83.7318,0.043,9.2E-6,84.493272,1.7346738,4.0099645,0.004075,1199.5825,1.368,5209.5469,4.075,0.71888093,65.376741,0.08103773,99.299727,6637.2656,2.247,1,,,,8.0018384E-5,130.83243,7139.113,0.047458979,0
3955807.33,,5905,,91.505,0.043,9.2E-6,92.260512,1.7687929,4.431075,0.005883,1450.2154,1.463,5881.2905,5.883,0.12871716,70.035741,0.10948565,99.157534,7010.1415,3.1,1,,,,8.4381193E-5,130.75348,8512.0021,0.048027861,0
3956324.27,,5905,,91.5046,0.043,9.2E-6,92.34504,1.8836646,4.4389856,0.003746,1452.7219,1.463,5891.7076,3.746,0.50572235,69.248172,0.093830095,99.269885,7012.3936,1.972,1,,,,8.5436754E-5,140.07148,8527.6064,0.048069562,0
3956835.92,,5905,,91.5052,0.043,9.2E-6,92.345444,1.8719935,4.4352351,0.003778,1452.7296,1.463,5887.9648,3.778,0.3737647,69.123061,0.093408203,99.272171,7014.4004,1.99,1,,,,8.5535746E-5,138.49634,8527.6811,0.048028738,0
3957850.89,,5905,,100.002,0.043,9.2E-6,100.84144,1.9608706,4.725164,0.006572,1722.9627,1.521,6448.1268,6.572,0.090148846,73.383786,0.12602198,99.122354,7499.7602,3.474,1,,,,8.828705E-5,138.24612,10168.995,0.046857365,0
3958388.09,,5905,,100,0.043,9.2E-6,100.93245,2.0802571,4.732308,0.003983,1726.0154,1.523,6458.3235,3.983,0.66131508,72.535205,0.11100244,99.218067,7502.7497,2.104,1,,,,8.9414421E-5,146.76757,10187.359,0.046885894,0
3958923.13,,5905,,99.9993,0.043,9.2E-6,100.93403,2.0675452,4.7325433,0.004174,1726.0735,1.523,6458.6168,4.174,0.23012324,72.578587,0.10768829,99.241875,7502.7428,2.205,1,,,,8.935345E-5,145.07041,10187.678,0.046887491,0
3960102.92,,5905,,110,0.043,9.2E-6,110.98451,2.2146401,5.1338614,0.004952,2093.7797,1.786,7227.6411,4.952,0.24427398,75.797486,0.13142341,99.157279,8029.0041,2.58,1,,,,9.5764222E-5,144.75258,12317.562,0.046257458,0
3960660.22,,5905,,110.002,0.043,9.2E-6,111.02249,2.2618125,5.1336741,0.004701,2095.0112,1.787,7228.6853,4.701,0.32929605,75.685464,0.1273274,99.182556,8031.8491,2.45,1,,,,9.5907246E-5,151.59497,12325.993,0.046239948,0
3961218.16,,5905,,110.001,0.043,9.3E-6,111.0293,2.258501,5.1334567,0.004316,2095.2368,1.787,7228.6936,4.316,0.45333569,75.564709,0.12618441,99.188652,8032.4554,2.25,1,,,,9.6057585E-5,151.37093,12327.506,0.046235153,0
3962242.27,,5905,,115.964,0.043,9.2E-6,116.97057,2.2963667,5.3246146,0.006185,2315.1513,1.801,7639.7659,6.185,0.11691497,77.747388,0.15009311,99.086159,8359.7739,3.235,1,,,,9.8705029E-5,151.12942,13682.113,0.045520978,0
3962814.61,,5905,,115.964,0.043,9.3E-6,117.04563,2.3928366,5.3235242,0.004275,2317.959,1.8,7641.4832,4.275,0.51113833,77.030405,0.13839697,99.149997,8365.7094,2.238,1,,,,9.9614366E-5,155.49478,13699.679,0.04548247,0
3963382.28,,5905,,115.964,0.043,9.3E-6,117.04636,2.3826532,5.3164571,0.00482,2318.0548,1.8,7634.5119,4.82,0.17484865,76.978717,0.13632339,99.162625,8369.4668,2.528,1,,,,9.9583771E-5,154.06081,13699.85,0.045421808,0
3964429.64,,5905,,122.253,0.043,9.2E-6,123.32452,2.4333445,5.4887898,0.006444,2551.5506,1.761,8040.3405,6.444,0.15474976,79.054013,0.16791702,99.020133,8725.1162,3.399,1,,,,0.00010217696,153.95743,15208.937,0.044506882,0
3965009.7,,5905,,122.253,0.043,9.2E-6,123.40613,2.5330062,5.4922624,0.004363,2554.6191,1.761,8046.8815,4.363,0.46552988,78.221405,0.14580513,99.140228,8729.0493,2.298,1,,,,0.00010328952,158.10803,15229.072,0.044505589,0
3965584.5,,5905,,122.254,0.043,9.2E-6,123.40738,2.5179867,5.4905139,0.004783,2554.6606,1.761,8045.1746,4.783,0.18526343,78.189573,0.14273004,99.158113,8730.0644,2.521,1,,,,0.00010330082,156.44281,15229.381,0.044490969,0
3966643.73,,5905,,128.884,0.043,9.2E-6,130.01133,2.568241,5.6740153,0.006923,2807.9457,1.821,8481.961,6.923,0.18429287,80.14715,0.1851034,98.958203,9097.0199,3.697,1,,,,0.00010632958,156.37915,16902.947,0.043642467,0
3967234.59,,5905,,128.88,0.043,9.2E-6,130.09705,2.6713517,5.6811916,0.004748,2811.3688,1.823,8492.5604,4.748,0.32242383,79.313829,0.15714037,99.106149,9099.1834,2.533,1,,,,0.00010750844,160.2943,16925.243,0.043668872,0
3967821.06,,5905,,128.882,0.043,9.2E-6,130.09761,2.6557536,5.6833522,0.00476,2811.3942,1.823,8494.7463,4.76,0.41703694,79.294132,0.15770012,99.102631,9098.0695,2.539,1,,,,0.00010756465,158.62766,16925.389,0.043685291,0
3968908.19,,5905,,135.873,0.043,9.2E-6,137.05882,2.7067711,5.8756214,0.007417,3090.4059,2.109,8966.0273,7.417,0.17062708,80.896366,0.19014269,98.960889,9479.1775,3.985,1,,,,0.00011133446,158.58826,18785.121,0.04286934,0
3969501.77,,5905,,135.87,0.043,9.2E-6,137.14588,2.8087095,5.8789494,0.005132,3093.967,2.113,8972.9164,5.132,0.40880525,80.096476,0.16819164,99.071704,9483.4081,2.758,1,,,,0.00011247791,161.79273,18808.991,0.042866396,0
3970093.23,,5905,,135.87,0.043,9.3E-6,137.14729,2.7936147,5.8786751,0.005306,3094.1354,2.113,8972.8104,5.306,0.30743063,80.204088,0.17542806,99.033144,9483.6531,2.852,1,,,,0.00011234459,160.19295,18809.378,0.042863955,0
3971190.25,,5905,,143.237,0.043,9.2E-6,144.49793,2.862269,6.0430836,0.007491,3383.2614,2.336,9426.345,7.491,0.11478817,81.496433,0.19929468,98.939168,9900.503,4.088,1,,,,0.00011617669,160.40818,20879.652,0.041821247,0
3971786.02,,5905,,143.236,0.043,9.2E-6,144.58904,2.9690225,6.0450453,0.00531,3386.9143,2.337,9431.9596,5.31,0.23807733,80.906096,0.18085735,99.030344,9905.6739,2.899,1,,,,0.00011704903,162.99287,20905.991,0.041808461,0
3972379.55,,5905,,143.238,0.043,9.3E-6,144.5936,2.9562044,6.0432081,0.005178,3387.0799,2.337,9430.288,5.178,0.21706799,80.736851,0.17724781,99.047772,9906.9899,2.828,1,,,,0.00011726493,161.81219,20907.309,0.041794437,0
3973488.19,,5905,,151.006,0.043,9.2E-6,152.35402,3.0318449,6.2000648,0.008344,3683.4773,2.4,9883.542,8.344,0.10947344,81.920327,0.21449118,98.882692,10349.923,4.638,1,,,,0.0001211861,161.4737,23211.749,0.040695116,0
3974087.2,,5905,,151.012,0.043,9.2E-6,152.44959,3.139005,6.2043198,0.005217,3687.2844,2.401,9891.6042,5.217,0.32343511,81.202018,0.19223233,98.989652,10354.048,2.9,1,,,,0.00012230507,163.84065,23240.879,0.040697516,0
3974682.02,,5905,,151.005,0.043,9.2E-6,152.45449,3.1236795,6.2051826,0.005487,3687.5229,2.401,9892.7055,5.487,0.17033321,81.03957,0.18365676,99.032684,10353.9,3.05,1,,,,0.00012254273,162.40404,23242.371,0.040701869,0
3975798.67,,5905,,159.193,0.043,9.3E-6,160.61679,3.2082775,6.3580086,0.008837,4004.5412,2.542,10362.55,8.837,0.11585815,82.340958,0.23064356,98.822019,10820.101,5.008,1,,,,0.0001264156,162.07914,25797.755,0.039584955,0
3976404.16,,5905,,159.193,0.043,9.3E-6,160.7237,3.3239352,6.3607883,0.0052,4008.684,2.545,10369.472,5.2,0.41040779,81.283964,0.19635926,98.983826,10825.726,2.949,1,,,,0.00012806494,164.68192,25832.107,0.039575921,0
3976999.81,,5905,,159.193,0.043,9.2E-6,160.72148,3.3002779,6.3602551,0.005749,4008.6501,2.545,10368.905,5.749,0.14373311,81.283432,0.18952326,99.01913,10825.879,3.26,1,,,,0.00012804137,162.56793,25831.396,0.039573148,0
3978127.55,,5905,,167.824,0.043,9.2E-6,169.33321,3.3968948,6.5135346,0.008692,4341.9171,2.729,10855.452,8.692,0.15563169,82.201637,0.24039474,98.785541,11315.767,5.029,1,,,,0.00013264506,162.56686,28673.735,0.038465784,0
3978733.17,,5905,,167.825,0.043,9.2E-6,169.44358,3.509262,6.5205195,0.00521,4346.299,2.73,10866.819,5.21,0.71486136,81.244125,0.2011183,98.971452,11319.098,3.013,1,,,,0.00013425685,164.40327,28711.127,0.038481951,0
3979329.17,,5905,,167.825,0.043,9.3E-6,169.44446,3.4862436,6.5155762,0.005992,4346.3244,2.73,10861.901,5.992,0.20111181,81.193423,0.20369142,98.957845,11322.018,3.469,1,,,,0.00013428631,162.48825,28711.423,0.038452578,0
3980461.52,,5905,,176.925,0.043,9.2E-6,178.52735,3.5855047,6.6730072,0.009078,4695.8438,2.749,11368.851,9.078,0.14752907,81.671941,0.24481491,98.76827,11834.366,5.362,1,,,,0.00013980131,162.38685,31872.013,0.037378068,0
3981061.53,,5905,,176.926,0.043,9.2E-6,178.6381,3.6986686,6.6718426,0.005572,4700.2001,2.75,11372.043,5.572,0.56622876,80.817359,0.21119906,98.925861,11842.397,3.295,1,,,,0.00014124015,163.34388,31911.572,0.037348373,0
3981656.83,,5905,,176.921,0.043,9.2E-6,178.64429,3.6742006,6.6697889,0.005536,4700.3832,2.75,11370.172,5.536,0.57830615,80.591028,0.20792322,98.939573,11844.022,3.275,1,,,,0.00014160652,161.63472,31913.781,0.037335585,0
3982796.55,,5905,,186.519,0.043,9.2E-6,188.20373,3.7881469,6.8180235,0.009716,5056.1279,3.008,11874.151,9.716,0.12153952,80.937961,0.2473279,98.755419,12386.716,5.878,1,,,,0.00014731827,161.18206,35420.644,0.036226825,0
3983392.08,,5905,,186.523,0.043,9.3E-6,188.3222,3.9034588,6.8134043,0.005727,5060.5278,3.012,11873.932,5.727,0.46837984,80.010222,0.21662776,98.897005,12397.314,3.471,1,,,,0.00014895165,161.87592,35465.252,0.036179506,0
3983986.36,,5905,,186.519,0.043,9.2E-6,188.32524,3.8755189,6.8130184,0.006228,5060.6328,3.012,11873.651,6.228,0.16058683,79.755569,0.20041969,98.976013,12397.748,3.775,1,,,,0.0001493839,160.02044,35466.397,0.036176873,0
3984987.83,,5905,,196.632,0.043,9.2E-6,198.35334,3.9098294,6.9427828,0.01175,5412.1855,3.143,12354.968,11.75,0.091296414,80.344493,0.26014357,98.690958,12976.048,7.315,1,,,,0.00015442111,159.51114,39344.046,0.035002097,0
3985580.58,,5905,,196.637,0.043,9.2E-6,198.54476,4.1458953,6.9353465,0.00528,5419.1868,3.144,12354.533,5.28,0.82005242,79.290928,0.20702966,98.943736,12993.211,3.296,1,,,,0.00015633824,160.68899,39420.022,0.034930896,0
3986167.95,,5905,,196.631,0.043,9.2E-6,198.55197,4.1170327,6.9310498,0.006067,5419.4614,3.144,12350.511,6.067,0.18041548,79.098229,0.19872423,98.983579,12996.367,3.79,1,,,,0.00015664767,158.58186,39422.883,0.034907989,0
3987167.44,,5905,,207.295,0.043,9.2E-6,209.12138,4.1563163,7.056633,0.01145,5782.0371,3.387,12838.67,11.45,0.099793875,79.069657,0.24474885,98.755644,13606.509,7.354,1,,,,0.00016299165,158.19646,43731.751,0.033744197,0
3987750.94,,5905,,207.294,0.043,9.2E-6,209.31666,4.3870856,7.0498298,0.005724,5789.4308,3.395,12839.261,5.724,0.58816904,78.133524,0.19369879,99.002662,13623.595,3.685,1,,,,0.00016482494,158.13931,43813.465,0.033680213,0
3988327.11,,5905,,207.294,0.043,9.3E-6,209.32935,4.3582417,7.050232,0.006245,5789.8118,3.396,12840.044,6.245,0.24160254,77.864221,0.18960667,99.020288,13624.161,4.02,1,,,,0.00016539611,156.26705,43818.776,0.033680093,0
3989308.5,,5905,,218.544,0.043,9.2E-6,220.45971,4.3920203,7.1799656,0.01279,6191.9814,3.793,13371.947,12.79,0.11048808,77.822096,0.24586984,98.736063,14261.632,8.459,1,,,,0.0001724633,155.72844,48602.482,0.032568154,0
3989882.08,,5905,,218.535,0.043,9.3E-6,220.67615,4.6414689,7.1693167,0.006165,6200.1546,3.794,13369.471,6.165,3.0726064,76.707172,0.18729558,99.02222,14282.699,4.092,1,,,,0.00017478843,155.64419,48697.964,0.032487954,0
3990453.05,,5905,,218.538,0.043,9.3E-6,220.68296,4.6064134,7.1680982,0.007347,6200.4357,3.794,13368.534,7.347,0.20165815,76.583839,0.17895913,99.064086,14283.949,4.877,1,,,,0.00017503602,153.41434,48700.968,0.032481431,0
3991433.41,,5905,,230.387,0.043,9.2E-6,232.42779,4.6746056,7.274304,0.01279,6585.7117,3.582,13860.016,12.79,0.078743506,75.890305,0.18522964,99.025545,14970.571,8.762,1,,,,0.00018312849,153.16768,54022.675,0.03129705,0
3991994.05,,5905,,230.384,0.043,9.2E-6,232.63498,4.9117253,7.2735807,0.005866,6592.9346,3.585,13866.515,5.866,2.5227617,75.187321,0.15477872,99.177622,14984.413,4.026,1,,,,0.00018484788,151.78061,54119.034,0.031266066,0
3992548.17,,5905,,230.385,0.043,9.2E-6,232.65784,4.8885846,7.2685425,0.006757,6593.5032,3.585,13862.046,6.757,0.14459753,74.696021,0.12689569,99.320929,14989.347,4.642,1,,,,0.00018592889,150.37464,54129.669,0.03124134,0
3993504.36,,5905,,242.877,0.043,9.2E-6,245.03209,4.9569634,7.3575333,0.01352,6956.2277,3.895,14313.761,13.52,0.093913262,74.017622,0.19409866,98.95539,15722.672,9.619,1,,,,0.00019392395,149.39204,60040.726,0.030026815,0
3994056.03,,5905,,242.879,0.043,9.2E-6,245.26598,5.2213628,7.3380855,0.005855,6963.0391,3.895,14301.125,5.855,1.9159409,73.081136,0.14145647,99.228046,15751.571,4.187,1,,,,0.00019608991,148.03524,60155.402,0.029918888,0
3994593.09,,5905,,242.875,0.043,9.3E-6,245.27173,5.1819776,7.348084,0.007184,6963.2457,3.895,14311.33,7.184,0.19920538,72.928276,0.13921848,99.238598,15744.792,5.128,1,,,,0.0001966361,146.16227,60158.221,0.029958952,0
3995534.67,,5905,,256.05,0.043,9.2E-6,258.3399,5.2822108,7.4395438,0.01357,7319.3559,4.03,14758.9,13.57,0.13959448,71.684543,0.20784781,98.846681,16515.442,10.03,1,,,,0.00020649894,145.85655,66739.506,0.028797502,0
3996066.52,,5905,,256.047,0.043,9.2E-6,258.56544,5.5192883,7.4323386,0.006551,7326.4135,4.038,14758.752,6.551,1.0545022,70.714145,0.15237915,99.141645,16535.2,4.855,1,,,,0.00020916929,143.36909,66856.089,0.028744516,0
3996591.58,,5905,,256.048,0.043,9.2E-6,258.58121,5.484534,7.428425,0.00717,7326.9074,4.038,14755.332,7.17,0.21987036,70.559912,0.13750169,99.22345,16539.112,5.318,1,,,,0.0002095334,141.42829,66864.242,0.028727629,0
3997507.5,,5905,,269.937,0.043,9.2E-6,272.3256,5.5574674,7.5578698,0.01672,7720.9381,4.732,15278.808,16.72,0.10581272,69.118686,0.21656865,98.754478,17318.202,12.75,1,,,,0.00022173611,141.11982,74161.231,0.027753064,0
3998021.36,,5905,,269.932,0.043,9.2E-6,272.57136,5.8125767,7.5254794,0.007655,7728.6223,4.76,15254.102,7.655,1.808708,68.26221,0.17085478,99.003757,17358.664,5.882,1,,,,0.00022401201,138.23737,74295.146,0.027609208,0
3998531.7,,5905,,269.936,0.043,9.2E-6,272.5982,5.7729631,7.5257824,0.007444,7729.2323,4.762,15255.015,7.444,0.76201205,67.897442,0.14874386,99.127471,17360.14,5.72,1,,,,0.00022515968,136.52442,74309.778,0.027607601,0
3999434.73,,5905,,284.576,0.043,9.2E-6,287.06585,5.8619378,7.6602245,0.01662,8110.3832,5.436,15770.608,16.62,0.18558556,66.674414,0.26424823,98.426518,18173.915,13.12,1,,,,0.00023742731,135.79488,82406.8,0.026684555,0
3999931.73,,5905,,284.567,0.043,9.2E-6,287.3399,6.1271824,7.6314573,0.008854,8117.1705,5.416,15748.628,8.854,13.401274,65.630305,0.19328828,98.828136,18214.094,7.038,1,,,,0.00024062981,133.34883,82564.216,0.02655899,0
4000419.41,,5905,,284.575,0.043,9.2E-6,287.35748,6.0802064,7.6205076,0.008808,8117.5651,5.415,15738.073,8.808,0.6714764,65.360213,0.17024776,98.962781,18223.929,7.016,1,,,,0.00024138305,131.26061,82574.324,0.026519259,0
4001359.77,,5905,,300.002,0.043,9.2E-6,302.71904,6.2711106,7.6878328,0.01388,8325.4277,4.225,16013.261,13.88,0.12978839,63.06155,0.2076561,98.690021,19141.938,11.5,1,,,,0.00025471011,130.72043,91638.817,0.025395934,0
4001830.55,,5905,,300.001,0.043,9.2E-6,302.96264,6.4886969,7.6688872,0.006196,8325.9364,4.212,15994.824,6.196,0.97591299,62.249276,0.14906976,99.045425,19173.104,5.16,1,,,,0.0002575186,126.1231,91786.359,0.02531298,0
4002293.73,,5905,,299.996,0.043,9.2E-6,302.983,6.4498215,7.6824152,0.007038,8325.9807,4.211,16008.396,7.038,0.24828782,62.348485,0.14401356,99.079161,19163.132,5.848,1,,,,0.00025730762,124.49855,91798.7,0.025355928,0
