[Header]
TITLE,SmOHCO3 Puck 225 01-29-26.dat
BYAPP,HeatCapacity,3.9.11,1.7
INFO,1000,MASS:Sample Mass (mg)
INFO,,MASSERR:Sample Mass Error (mg)
INFO,1,MOLWGHT:Formula Weight (g/mole)
INFO,1,ATOMS:Atoms per Formula Unit
INFO,PPMS Heat Capacity Option 3.9.11 Build 2,APPNAME
DATATYPE,TIME,1
DATATYPE,COMMENT,2
STARTUPAXIS, X, 8, LINEAR, AUTO
STARTUPAXIS, Y1, 10, LINEAR, AUTO
[Data]
Time Stamp (Seconds),Comment (),System Status (Code),Puck Temp (Kelvin),System Temp (Kelvin),Field (Oersted),Pressure (Torr),Sample Temp (Kelvin),Temp Rise (Kelvin),Samp HC (mJ/mole-K),Samp HC Err (mJ/mole-K),Addenda HC (µJ/K),Addenda HC Err (µJ/K),Total HC (µJ/K),Total HC Err (µJ/K),Fit Deviation (ChiSquare),Time Const tau1 (seconds),Time Const tau2 (seconds),Sample Coupling (Percent),Debye Temp (Kelvin),Debye Temp Err (Kelvin),Cal Correction (Factor),Therm Resist (Ohms),Htr Resist (Ohms),Puck Resist (Ohms),Wire Cond (W/K),Meas Time (seconds),Temp Squared (K^2),Samp HC/Temp (mJ/mole-K/K),Addenda Offset HC (µJ/K)
12909859.97,CALFILE: C:\QdPpms\HEATCA~1\TempCal\Standard\Puck225_1.cal|Addenda #18 measured on 1/29/2026 from 1.8861 to 302.6 K
12909860.09,,5905,,1.8002,-0.08,9.2E-6,1.8305655,0.038127061,0.0062251294,8.054E-5,0.21366839,0.002066,6.4387978,0.08054,1.8243094,4.1027,0.0080640096,93.501663,1241.8904,5.31,1,,,,1.6715731E-6,7.0973656,3.3509701,0.0034006592,0
12909908.42,,5905,,1.7998,-0.08,9.2E-6,1.8320817,0.040918695,0.0062743546,6.347E-5,0.21375556,0.002095,6.4881102,0.06347,1.7974856,4.0773179,0.0080393867,93.430753,1239.66,4.152,1,,,,1.6961231E-6,8.2054,3.3565235,0.0034247132,0
12909957.73,,5905,,1.7999,-0.08,9.2E-6,1.8320557,0.040618915,0.00629087,7.372E-5,0.2137513,0.002094,6.5046213,0.07372,2.2487851,4.0755897,0.0080679044,93.385327,1238.5567,4.8,1,,,,1.7019587E-6,8.1546357,3.3564281,0.0034337766,0
12910116.44,,5905,,1.8794,-0.08,9.2E-6,1.9074307,0.044659505,0.0059108133,5.993E-5,0.22182645,0.003323,6.1326398,0.05993,1.2087342,3.6963913,0.0077859138,93.602054,1316.5214,4.362,1,,,,1.7646724E-6,8.1511793,3.6382917,0.0030988352,0
12910162.45,,5905,,1.8802,-0.08,9.2E-6,1.9074176,0.042564408,0.0058165923,7.114E-5,0.22186051,0.003325,6.0384528,0.07114,0.20005085,3.5632399,0.0073413639,93.850416,1323.6413,5.353,1,,,,1.797911E-6,7.3927826,3.6382418,0.0030494593,0
12910207.64,,5905,,1.8781,-0.08,9.2E-6,1.9060307,0.041759155,0.0058764825,6.565E-5,0.22168631,0.003314,6.0981688,0.06565,1.3213366,3.6990697,0.0080564992,93.404401,1318.1702,4.931,1,,,,1.7569208E-6,7.1264799,3.6329532,0.0030830995,0
12910363.67,,5905,,1.9628,-0.08,9.2E-6,1.9843394,0.046366996,0.0055452333,5.613E-5,0.23489585,0.00351,5.7801292,0.05613,1.031412,3.2338218,0.0066379106,94.474831,1399.1257,4.689,1,,,,1.8838163E-6,7.3981393,3.9376027,0.0027944985,0
12910407.36,,5905,,1.9651,-0.08,9.2E-6,1.9817861,0.044201409,0.0054742207,6.369E-5,0.23459578,0.003515,5.7088165,0.06369,0.99554219,3.4399317,0.0087503616,93.143274,1403.3416,5.401,1,,,,1.7722134E-6,6.4676436,3.9274762,0.0027622662,0
12910452.33,,5905,,1.9613,-0.08,9.2E-6,1.9828477,0.044810073,0.0055566384,6.222E-5,0.23460244,0.003515,5.7912408,0.06222,1.6380509,3.3068376,0.0074638015,93.872393,1397.1168,5.176,1,,,,1.8567881E-6,6.8798633,3.9316852,0.0028023525,0
12910604.11,,5905,,2.0498,-0.08,9.2E-6,2.0656708,0.048680771,0.0051604546,4.716E-5,0.25342646,0.002866,5.4138811,0.04716,0.64606397,2.9606548,0.0073055912,94.189178,1491.8063,4.517,1,,,,1.9313753E-6,6.6136751,4.2669957,0.002498198,0
12910646.55,,5905,,2.0495,-0.08,9.2E-6,2.0642081,0.045230874,0.0052281311,6.211E-5,0.25295299,0.002885,5.4810841,0.06211,1.3340361,2.9331279,0.0070348662,94.278896,1484.2896,5.832,1,,,,1.9721158E-6,5.9213096,4.260955,0.0025327539,0
12910688.08,,5905,,2.0492,-0.08,9.3E-6,2.0645112,0.04449793,0.0052444507,5.229E-5,0.2529354,0.002886,5.4973861,0.05229,0.95607431,2.8122719,0.0055787345,95.296726,1482.9662,4.897,1,,,,2.04277E-6,5.8662558,4.2622066,0.0025402868,0
12910832.55,,5905,,2.1421,-0.08,9.2E-6,2.1522837,0.047617098,0.0050119953,4.172E-5,0.27722282,0.002251,5.2892182,0.04172,0.8602808,2.6427758,0.0068179058,94.566474,1569.5552,4.331,1,,,,2.104924E-6,5.6245438,4.632325,0.0023286872,0
12910872,,5905,,2.1407,-0.08,9.3E-6,2.1512909,0.046443507,0.0050017739,4.052E-5,0.27695868,0.002252,5.2787326,0.04052,1.4039372,2.7215463,0.0078027235,93.934444,1569.8992,4.217,1,,,,2.0523972E-6,5.2855516,4.6280526,0.0023250105,0
12910912.08,,5905,,2.1401,-0.08,9.2E-6,2.1516086,0.046971609,0.0050341264,4.815E-5,0.27706433,0.002251,5.3111908,0.04815,1.3278084,2.7165001,0.0076409921,94.020817,1566.7602,4.964,1,,,,2.0671955E-6,5.4430925,4.6294196,0.0023397036,0
12911056.89,,5905,,2.2369,-0.08,9.2E-6,2.2440773,0.049663684,0.0048596835,3.871E-5,0.30507422,0.002648,5.1647577,0.03871,0.71653318,2.2907289,0.0056973311,95.355995,1653.4171,4.367,1,,,,2.3521038E-6,5.4330003,5.035883,0.0021655597,0
12911094,,5905,,2.2335,-0.08,9.2E-6,2.2411717,0.046943904,0.0046970432,4.284E-5,0.3045731,0.002637,5.0016163,0.04284,1.2668958,2.3963862,0.007451478,94.309879,1670.1203,5.047,1,,,,2.1985715E-6,4.5814578,5.0228506,0.002095798,0
12911132.83,,5905,,2.2339,-0.08,9.2E-6,2.2419537,0.047893585,0.004806289,3.976E-5,0.30453742,0.002637,5.1108264,0.03976,1.3396741,2.481205,0.0080404539,93.927046,1657.9469,4.547,1,,,,2.1780022E-6,4.7927725,5.0263562,0.002143795,0
12911272.61,,5905,,2.3334,-0.08,9.2E-6,2.3397952,0.05133945,0.0047131445,4.138E-5,0.33391047,0.002931,5.047055,0.04138,1.0941984,2.1591906,0.0064713705,94.955509,1741.6267,5.068,1,,,,2.4461065E-6,4.96241,5.4746417,0.0020143406,0
12911309.81,,5905,,2.3349,-0.08,9.2E-6,2.3380075,0.048347193,0.0045886045,4.068E-5,0.33364215,0.002932,4.9222466,0.04068,0.74662569,2.110507,0.0065903732,94.858725,1755.9002,5.159,1,,,,2.4424695E-6,4.3183812,5.4662789,0.0019626133,0
12911345.72,,5905,,2.3341,-0.08,9.2E-6,2.3376207,0.048434579,0.0044688575,3.653E-5,0.33345368,0.002933,4.8023112,0.03653,1.7489723,2.0240906,0.0057529876,95.446382,1771.1528,4.8,1,,,,2.4708871E-6,4.2210139,5.4644704,0.001911712,0
12911484.42,,5905,,2.4372,-0.08,9.2E-6,2.4370807,0.052492958,0.0042688439,2.743E-5,0.35685973,0.002827,4.6257036,0.02743,0.4316018,1.913527,0.0058658168,95.552076,1874.9106,3.998,1,,,,2.5135121E-6,4.0481813,5.9393621,0.0017516219,0
12911519.95,,5905,,2.4377,-0.08,9.2E-6,2.4358889,0.050443886,0.0043882312,3.084E-5,0.35665267,0.002826,4.7448839,0.03084,0.84254629,1.9839365,0.0061674176,95.372503,1856.8428,4.329,1,,,,2.4912277E-6,3.8270541,5.9335548,0.0018014907,0
12911556.3,,5905,,2.4368,-0.08,9.2E-6,2.4365505,0.051771383,0.0043664036,3.07E-5,0.3567808,0.002827,4.7231844,0.0307,1.6577516,1.9750101,0.0056093687,95.805514,1860.4369,4.34,1,,,,2.4812193E-6,3.967873,5.9367784,0.0017920431,0
12911698.66,,5905,,2.5456,-0.08,9.2E-6,2.5421242,0.058308941,0.003979204,2.73E-5,0.37584504,0.002985,4.3550491,0.0273,0.35958716,1.7392652,0.0051498517,96.143197,2002.0679,4.558,1,,,,2.5880742E-6,3.9500201,6.4623955,0.0015653067,0
12911733.08,,5905,,2.545,-0.08,9.3E-6,2.5395991,0.055424475,0.0038558459,3.149E-5,0.37564385,0.002985,4.2314897,0.03149,0.66178327,1.7513113,0.0069624768,94.909002,2021.1849,5.473,1,,,,2.5242488E-6,3.4785304,6.4495634,0.0015182892,0
12911767.16,,5905,,2.5421,-0.08,9.2E-6,2.5397437,0.054208967,0.0040202513,3.844E-5,0.37569232,0.002985,4.3959436,0.03844,0.47931691,1.8074877,0.0070237438,94.844191,1993.3624,6.312,1,,,,2.5431021E-6,3.5026226,6.4502979,0.0015829358,0
12911908.44,,5905,,2.6565,-0.08,9.2E-6,2.6556608,0.060768866,0.0038220442,2.042E-5,0.4218895,0.002509,4.2439337,0.02042,1.5052421,1.5874046,0.0056600466,95.910413,2119.7645,3.76,1,,,,2.766306E-6,3.6149753,7.0525345,0.0014392065,0
12911941.97,,5905,,2.6562,-0.08,9.2E-6,2.6536614,0.057208632,0.0037657273,2.199E-5,0.42076777,0.002521,4.1864951,0.02199,1.50937,1.6070787,0.0062865796,95.546679,2128.6758,4.127,1,,,,2.7036725E-6,3.1748093,7.0419189,0.0014190685,0
12911975.33,,5905,,2.6564,-0.08,9.2E-6,2.6533075,0.056039577,0.00392065,2.615E-5,0.42062216,0.002523,4.3412722,0.02615,1.7649492,1.6512712,0.0065011526,95.360613,2099.9824,4.649,1,,,,2.7337985E-6,3.2141574,7.0400407,0.0014776463,0
12912118.3,,5905,,2.7746,-0.08,9.3E-6,2.7714903,0.063085121,0.003729187,1.887E-5,0.47477036,0.002389,4.2039574,0.01887,0.6907038,1.5014486,0.0052842701,96.410881,2230.432,3.749,1,,,,2.8822528E-6,3.3025424,7.6811583,0.001345553,0
12912152.19,,5905,,2.776,-0.08,9.2E-6,2.7693375,0.059273966,0.0037699338,1.999E-5,0.47380946,0.002379,4.2437432,0.01999,1.530524,1.5216481,0.0060467287,95.892818,2220.6406,3.911,1,,,,2.8835688E-6,3.0028972,7.6692303,0.0013613125,0
12912184.69,,5905,,2.7753,-0.08,9.2E-6,2.7699626,0.060507295,0.0037078339,1.911E-5,0.47412929,0.002382,4.1819631,0.01911,1.2934481,1.5237235,0.0064439589,95.682527,2233.4738,3.825,1,,,,2.8423499E-6,3.0432962,7.6726929,0.0013385862,0
12912322.81,,5905,,2.8948,-0.08,9.2E-6,2.8915284,0.06465332,0.0036359899,2.546E-5,0.52365267,0.003028,4.1596425,0.02546,0.47291294,1.3967694,0.0068407964,95.434674,2346.7527,5.453,1,,,,3.0874513E-6,3.047447,8.3609364,0.001257463,0
12912355.08,,5905,,2.8986,-0.08,9.2E-6,2.8902679,0.062263952,0.0036348178,2.126E-5,0.52285003,0.00302,4.1576679,0.02126,0.19253393,1.37972,0.0043213016,97.105756,2345.9818,4.556,1,,,,3.0822807E-6,2.7935387,8.3536483,0.0012576059,0
12912387.44,,5905,,2.8964,-0.08,9.2E-6,2.8902115,0.061348406,0.0036664807,2.163E-5,0.52277833,0.00302,4.1892591,0.02163,0.22401059,1.3760203,0.0042868429,97.101693,2339.1635,4.584,1,,,,3.1143045E-6,2.75944,8.3533224,0.0012685856,0
12912526.88,,5905,,3.0261,-0.08,9.2E-6,3.0181737,0.067177264,0.003549277,1.664E-5,0.58678699,0.003282,4.136064,0.01664,0.25966869,1.3407208,0.0064991409,95.936833,2469.3257,3.846,1,,,,3.181652E-6,2.7520406,9.1093727,0.0011759684,0
12912557.2,,5905,,3.026,-0.08,9.2E-6,3.0177495,0.06437786,0.0035971212,1.496E-5,0.58624462,0.003282,4.1833659,0.01496,0.5014166,1.2855137,0.0058709959,96.135489,2457.9833,3.397,1,,,,3.3514143E-6,2.6814415,9.1068119,0.001191988,0
12912589.64,,5905,,3.0257,-0.08,9.2E-6,3.0171828,0.064445316,0.0035008978,2.086E-5,0.58745277,0.003281,4.0883505,0.02086,1.2938271,1.2897807,0.0054832158,96.485039,2479.8339,4.906,1,,,,3.2548491E-6,2.5710273,9.1033923,0.0011603201,0
12912728.13,,5905,,3.159,-0.08,9.2E-6,3.156388,0.068863944,0.0034870328,2.002E-5,0.65967053,0.003221,4.1467034,0.02002,0.75565256,1.1915732,0.0055419382,96.469375,2597.6809,4.951,1,,,,3.5705196E-6,2.5795614,9.9627849,0.0011047542,0
12912758.28,,5905,,3.161,-0.08,9.2E-6,3.1545548,0.06703362,0.0033823332,2.027E-5,0.65874416,0.003216,4.0410773,0.02027,0.20003873,1.1851809,0.0058952134,96.296642,2622.6886,5.22,1,,,,3.5020048E-6,2.3831465,9.9512163,0.0010722062,0
12912787.14,,5905,,3.1576,-0.08,9.2E-6,3.1541486,0.065856694,0.0035414581,2.384E-5,0.65864984,0.003216,4.2001079,0.02384,0.25418077,1.2558601,0.005536684,96.615435,2582.4715,5.768,1,,,,3.4280806E-6,2.3703619,9.9486531,0.0011227937,0
12912929.47,,5905,,3.2968,-0.08,9.2E-6,3.3013775,0.07628745,0.0034091487,1.777E-5,0.72426164,0.00395,4.1334103,0.01777,0.20204573,1.2056222,0.0050685594,97.058403,2737.5411,4.741,1,,,,3.4994345E-6,2.5117202,10.899093,0.0010326443,0
12912959.53,,5905,,3.3016,-0.08,9.2E-6,3.3009846,0.073328442,0.0033458792,1.833E-5,0.72351433,0.003944,4.0693936,0.01833,0.24162365,1.1149245,0.0048921342,96.964439,2754.361,5.012,1,,,,3.7275204E-6,2.4112445,10.8965,0.0010136004,0
12912987.7,,5905,,3.298,-0.08,9.2E-6,3.2979365,0.069244067,0.0035039783,1.879E-5,0.72203633,0.003932,4.2260146,0.01879,0.96538258,1.2235977,0.0065039431,96.190474,2709.7918,4.827,1,,,,3.5483134E-6,2.229849,10.876385,0.001062476,0
12913129.88,,5905,,3.4449,-0.08,9.2E-6,3.4518309,0.077864372,0.0034418113,2.06E-5,0.82741095,0.004407,4.2692223,0.0206,0.38722378,1.0957388,0.0053353677,96.852232,2853.2157,5.67,1,,,,3.9789179E-6,2.4471954,11.915137,0.00099709732,0
12913159.42,,5905,,3.4465,-0.08,9.2E-6,3.4487306,0.073560464,0.0034053397,1.784E-5,0.82515029,0.00439,4.23049,0.01784,0.25948934,1.1101935,0.006447044,96.256967,2860.7939,4.98,1,,,,3.9071744E-6,2.1914776,11.893743,0.00098741829,0
12913190.78,,5905,,3.444,-0.08,9.2E-6,3.4495229,0.074527429,0.0034705433,1.8E-5,0.82571862,0.004394,4.2962619,0.018,0.82556123,1.138552,0.0043538364,97.517325,2843.4176,4.898,1,,,,3.8363773E-6,2.220387,11.899208,0.0010060937,0
12913333.91,,5905,,3.5971,-0.08,9.3E-6,3.6056666,0.079091088,0.0035042484,1.875E-5,0.91977234,0.005123,4.4240207,0.01875,0.33975616,1.052619,0.0045296243,97.368294,2962.566,5.264,1,,,,4.2744556E-6,2.2771039,13.000831,0.00097187256,0
12913362.81,,5905,,3.5975,-0.08,9.3E-6,3.6032658,0.078347754,0.0034292313,2.014E-5,0.91843932,0.005129,4.3476706,0.02014,0.15693814,1.1137522,0.005522011,97.000959,2982.0264,5.814,1,,,,3.9790913E-6,2.105238,12.983525,0.0009517009,0
12913391.16,,5905,,3.5973,-0.08,9.2E-6,3.6052608,0.077833749,0.0035330696,1.989E-5,0.91942093,0.005125,4.4524905,0.01989,0.32229718,1.0603726,0.0043226048,97.495011,2954.1558,5.523,1,,,,4.2672E-6,2.2275044,12.997905,0.00097997615,0
12913533.17,,5905,,3.7564,-0.08,9.3E-6,3.7644937,0.081689183,0.0035865921,1.88E-5,1.0550093,0.003347,4.6416015,0.0188,0.58816815,1.102756,0.0048385909,97.488647,3069.2105,5.343,1,,,,4.2741213E-6,2.1207453,14.171413,0.00095274224,0
12913565.16,,5905,,3.7581,-0.08,9.2E-6,3.7658742,0.084472754,0.0035125667,1.869E-5,1.0562979,0.003336,4.5688646,0.01869,0.32268049,1.0803094,0.0043850969,97.706083,3091.7549,5.464,1,,,,4.288149E-6,2.2055121,14.181809,0.00093273607,0
12913597.39,,5905,,3.7537,-0.08,9.2E-6,3.7646414,0.082258687,0.0036132157,1.807E-5,1.055501,0.003343,4.6687166,0.01807,0.54957009,1.1250318,0.0064267915,96.711759,3061.7737,5.086,1,,,,4.2348589E-6,2.1606189,14.172525,0.00095977684,0
12913735.58,,5905,,3.9224,-0.08,9.2E-6,3.9346246,0.087495131,0.0036701866,1.12E-5,1.2013799,0.003537,4.8715665,0.0112,1.2090718,1.0491305,0.0052744321,97.283044,3183.3766,3.233,1,,,,4.7174181E-6,2.2500636,15.481271,0.00093279206,0
12913766.31,,5905,,3.9232,-0.08,9.2E-6,3.9327646,0.084285914,0.0037311385,1.26E-5,1.1996138,0.003526,4.9307523,0.0126,0.36785899,1.085566,0.0048951296,97.541081,3164.447,3.554,1,,,,4.6079689E-6,2.0982609,15.466637,0.00094873172,0
12913797.16,,5905,,3.9259,-0.08,9.2E-6,3.9342064,0.084979089,0.003637116,1.701E-5,1.2003551,0.00353,4.8374712,0.01701,0.047654918,1.0055892,0.0044266482,97.632461,3192.6564,4.962,1,,,,4.8768241E-6,2.1711319,15.47798,0.00092448531,0
12913938.73,,5905,,4.0968,-0.08,9.2E-6,4.1062196,0.084505771,0.0038860819,1.208E-5,1.3642995,0.004259,5.2503814,0.01208,0.99401243,1.0604719,0.0054792786,97.305566,3259.5098,3.369,1,,,,5.0264861E-6,2.0111783,16.861039,0.0009463892,0
12913969.94,,5905,,4.0957,-0.08,9.2E-6,4.1085601,0.088033769,0.0038435932,1.4E-5,1.3668088,0.004262,5.2104021,0.014,0.51331646,1.0542178,0.0043990861,97.838961,3273.3412,3.965,1,,,,5.0020914E-6,2.1209438,16.880266,0.00093550859,0
12913998.13,,5905,,4.095,-0.08,9.2E-6,4.10936,0.086406356,0.0038208672,1.912E-5,1.3669587,0.004263,5.1878259,0.01912,0.062057228,1.002976,0.0039395053,97.972114,3280.4527,5.45,1,,,,5.2307392E-6,2.1084355,16.886839,0.00092979618,0
12914139.59,,5905,,4.2778,-0.08,9.3E-6,4.2888228,0.088723923,0.0039878804,1.407E-5,1.5461238,0.00428,5.5340041,0.01407,0.22038628,1.0564451,0.0048866409,97.699862,3375.2413,3.96,1,,,,5.3026684E-6,2.0059521,18.394001,0.000929831,0
12914168.2,,5905,,4.2782,-0.08,9.2E-6,4.2903938,0.089832877,0.0039985181,1.394E-5,1.5476589,0.004283,5.546177,0.01394,0.41996195,1.0277422,0.005977286,97.104592,3373.4807,3.912,1,,,,5.4805993E-6,2.1128902,18.407479,0.00093196994,0
12914196.56,,5905,,4.2792,-0.08,9.3E-6,4.2907429,0.089387803,0.0040372244,1.36E-5,1.5483001,0.004284,5.5855245,0.0136,1.2825087,1.0713481,0.0058894678,97.251894,3362.9387,3.767,1,,,,5.2909472E-6,2.0554845,18.410474,0.00094091503,0
12914337.08,,5905,,4.4664,-0.08,9.2E-6,4.481588,0.093103806,0.004369194,1.813E-5,1.7239346,0.006203,6.0931286,0.01813,0.29912853,1.0697428,0.0048967212,97.74176,3421.2041,4.719,1,,,,5.763863E-6,2.1426961,20.084631,0.00097492094,0
12914365.16,,5905,,4.4685,-0.08,9.2E-6,4.4823377,0.09436039,0.0042074239,1.548E-5,1.724396,0.006208,5.9318199,0.01548,0.42464395,1.0308788,0.0043446063,97.955411,3465.0798,4.24,1,,,,5.8148219E-6,2.1394856,20.091351,0.00093866732,0
12914394.8,,5905,,4.469,-0.08,9.2E-6,4.4809384,0.091609101,0.0042653052,1.704E-5,1.7229083,0.006192,5.9882135,0.01704,0.13982144,1.0410328,0.0048831532,97.709802,3448.2574,4.58,1,,,,5.8209141E-6,2.0617577,20.078809,0.00095187768,0
12914538.38,,5905,,4.6648,-0.08,9.3E-6,4.6792208,0.096197583,0.0044434696,1.742E-5,1.9514933,0.005509,6.3949628,0.01742,0.45513498,1.0599421,0.0044706766,98.011811,3552.06,4.629,1,,,,6.0926546E-6,2.0820656,21.895107,0.00094961742,0
12914567.52,,5905,,4.6658,-0.08,9.3E-6,4.6793791,0.098315399,0.0044445718,1.881E-5,1.95233,0.005502,6.3969018,0.01881,0.28227865,1.0918806,0.0048788565,97.893945,3551.8865,4.996,1,,,,5.919731E-6,2.1198842,21.896589,0.00094982085,0
12914596.7,,5905,,4.6626,-0.08,9.2E-6,4.679962,0.099155366,0.0045628489,1.547E-5,1.9533711,0.005492,6.51622,0.01547,0.52753968,1.1177599,0.0047870085,97.960154,3521.3656,3.97,1,,,,5.8894942E-6,2.1837611,21.902044,0.00097497564,0
12914742.2,,5905,,4.8704,-0.08,9.2E-6,4.8915793,0.10198818,0.0048855541,1.122E-5,2.2199155,0.004216,7.1054696,0.01122,0.9744534,1.1173295,0.0052510622,97.81438,3597.7013,2.751,1,,,,6.4268309E-6,2.2355197,23.927548,0.00099876824,0
12914772.2,,5905,,4.8699,-0.08,9.2E-6,4.8918306,0.10214685,0.0048748018,1.1E-5,2.2204097,0.004216,7.0952115,0.011,0.93410836,1.1220709,0.0055898792,97.685474,3600.5294,2.704,1,,,,6.3943994E-6,2.2346589,23.930006,0.00099651895,0
12914802.69,,5905,,4.8705,-0.08,9.3E-6,4.8910189,0.10244482,0.0048921742,1.125E-5,2.2193102,0.004215,7.1114844,0.01125,1.1419068,1.1259303,0.0052773445,97.818838,3595.6658,2.751,1,,,,6.3830633E-6,2.2441418,23.922066,0.0010002362,0
12914947.67,,5905,,5.0856,-0.08,9.2E-6,5.1055048,0.1036943,0.0053168639,1.872E-5,2.4949513,0.005674,7.8118152,0.01872,0.10016428,1.1500058,0.0061493369,97.543924,3650.6276,4.274,1,,,,6.8725115E-6,2.2518606,26.066179,0.0010413983,0
12914976.34,,5905,,5.0854,-0.08,9.2E-6,5.1061277,0.10522334,0.0053220674,1.459E-5,2.4960154,0.005676,7.8180827,0.01459,0.81555445,1.1529995,0.0059915327,97.612584,3649.8827,3.328,1,,,,6.8579049E-6,2.3000116,26.07254,0.0010422903,0
12915005.64,,5905,,5.0835,-0.08,9.2E-6,5.1064486,0.10728577,0.0052546914,1.368E-5,2.4970972,0.005678,7.7517886,0.01368,0.32491196,1.1814256,0.0061084877,97.636154,3665.6463,3.176,1,,,,6.6347645E-6,2.305999,26.075818,0.0010290305,0
12915148.98,,5905,,5.3114,-0.08,9.2E-6,5.3363211,0.10901522,0.0057889814,1.603E-5,2.843232,0.00546,8.6322134,0.01603,1.40629,1.2038955,0.0063073558,97.633239,3708.9869,3.417,1,,,,7.2488228E-6,2.3628511,28.476322,0.0010848263,0
12915177.55,,5905,,5.3114,-0.08,9.2E-6,5.3353458,0.11006719,0.0058413416,1.64E-5,2.8421338,0.005455,8.6834755,0.0164,2.326612,1.2183952,0.0064137862,97.61398,3697.1958,3.454,1,,,,7.2062319E-6,2.407791,28.465915,0.0010948384,0
12915206.3,,5905,,5.3083,-0.08,9.2E-6,5.3353437,0.11082454,0.0058539753,1.729E-5,2.8423851,0.005456,8.6963604,0.01729,1.8871848,1.2246873,0.0065466376,97.57533,3694.5327,3.629,1,,,,7.1812732E-6,2.4367905,28.465893,0.0010972068,0
12915354.95,,5905,,5.5459,-0.08,9.2E-6,5.5698718,0.11048221,0.0064964399,1.59E-5,3.253206,0.006746,9.7496459,0.0159,1.7853269,1.2525336,0.0062524185,97.760007,3725.3537,3.034,1,,,,7.863529E-6,2.4493746,31.023472,0.0011663536,0
12915385.45,,5905,,5.5451,-0.08,9.2E-6,5.5705262,0.11315698,0.0065238592,1.715E-5,3.2558217,0.006745,9.7796808,0.01715,0.77432714,1.2987908,0.0071077765,97.541842,3720.5643,3.255,1,,,,7.6147481E-6,2.5050671,31.030762,0.0011711388,0
12915415.72,,5905,,5.545,-0.08,9.2E-6,5.5719077,0.1145326,0.0065585147,1.938E-5,3.2583255,0.006743,9.8168403,0.01938,0.77307422,1.274768,0.007266475,97.435773,3714.9206,3.652,1,,,,7.7918665E-6,2.5975817,31.046155,0.0011770681,0
12915563.89,,5905,,5.79,-0.08,9.2E-6,5.8162642,0.11443068,0.0071642424,1.798E-5,3.6817702,0.006916,10.846013,0.01798,1.5090141,1.3157122,0.0069421127,97.6534,3765.3159,3.145,1,,,,8.3303465E-6,2.549536,33.828929,0.0012317601,0
12915601.09,,5905,,5.7892,-0.08,9.2E-6,5.8180146,0.11644819,0.0072019323,1.685E-5,3.6765031,0.006893,10.878435,0.01685,1.4494066,1.2908411,0.0052125407,98.198994,3759.8673,2.927,1,,,,8.4954211E-6,2.6314244,33.849294,0.0012378677,0
12915631.33,,5905,,5.7944,-0.08,9.3E-6,5.8214771,0.11576694,0.007185037,2.636E-5,3.6912921,0.006959,10.876329,0.02636,0.16780579,1.3473398,0.0075659508,97.502704,3765.0514,4.593,1,,,,8.1631925E-6,2.5816822,33.889596,0.0012342292,0
12915780.48,,5905,,6.0463,-0.08,9.2E-6,6.0770166,0.1220892,0.007839261,1.669E-5,4.0616325,0.007982,11.900893,0.01669,0.53548949,1.3690009,0.0058104193,98.116503,3817.7952,2.706,1,,,,8.7658432E-6,2.6946796,36.930131,0.0012899851,0
12915813.05,,5905,,6.0458,-0.08,9.2E-6,6.0767195,0.12335993,0.0078315827,1.638E-5,4.0615856,0.007982,11.893168,0.01638,1.2490767,1.3755108,0.0067215729,97.832866,3818.8557,2.659,1,,,,8.7298265E-6,2.7380017,36.92652,0.0012887846,0
12915845.48,,5905,,6.0454,-0.08,9.2E-6,6.0774404,0.12359616,0.007808642,1.706E-5,4.0624181,0.007981,11.87106,0.01706,1.4121904,1.3669668,0.0064504233,97.909263,3823.0453,2.78,1,,,,8.7648561E-6,2.7510216,36.935282,0.001284857,0
12915998.05,,5905,,6.3141,-0.08,9.2E-6,6.3423479,0.12744531,0.0084422142,2.309E-5,4.4546475,0.00818,12.896862,0.02309,0.13827252,1.428798,0.0066110315,97.959214,3887.2746,3.538,1,,,,9.107326E-6,2.7339336,40.225376,0.0013310866,0
12916030.97,,5905,,6.3201,-0.08,9.2E-6,6.3522992,0.13045579,0.0085000393,1.956E-5,4.4710432,0.008205,12.971082,0.01956,0.9736464,1.4419683,0.006674882,97.956257,3884.525,2.975,1,,,,9.076373E-6,2.8575961,40.351706,0.0013381044,0
12916062.98,,5905,,6.3125,-0.08,9.3E-6,6.3486289,0.13113566,0.0086053238,1.861E-5,4.4656354,0.008197,13.070959,0.01861,0.64441839,1.4600195,0.0068823055,97.909722,3866.3826,2.783,1,,,,9.0358293E-6,2.8839366,40.305089,0.0013554618,0
12916215.61,,5905,,6.5932,-0.08,9.3E-6,6.6257011,0.13482151,0.0094404122,2.196E-5,4.9194416,0.01043,14.359854,0.02196,1.1692452,1.5284047,0.0074266523,97.848418,3912.4504,3.029,1,,,,9.485051E-6,2.9200391,43.899915,0.0014248171,0
12916248.5,,5905,,6.5917,-0.08,9.2E-6,6.6278658,0.13931222,0.0093781473,2.37E-5,4.9245698,0.01044,14.302717,0.0237,1.5629681,1.5320005,0.0070107992,97.978391,3922.3711,3.299,1,,,,9.4191764E-6,3.0568094,43.928606,0.0014149573,0
12916280.59,,5905,,6.5902,-0.08,9.2E-6,6.6270321,0.14012142,0.0093733175,2.869E-5,4.9238917,0.01044,14.297209,0.02869,0.28343157,1.5586644,0.0086621937,97.546535,3922.5512,3.994,1,,,,9.2724543E-6,3.0640009,43.917555,0.0014144065,0
12916433.92,,5905,,6.8856,-0.08,9.2E-6,6.921258,0.1419183,0.010407823,2.987E-5,5.5645073,0.01171,15.97233,0.02987,0.36270826,1.6046081,0.0076884746,97.895667,3956.2076,3.777,1,,,,1.0045331E-5,3.1173288,47.903812,0.0015037472,0
12916467.45,,5905,,6.8855,-0.08,9.2E-6,6.9225185,0.14453097,0.01045543,2.716E-5,5.568255,0.01172,16.023685,0.02716,0.53847434,1.6189791,0.007865265,97.863847,3950.9132,3.415,1,,,,9.9898335E-6,3.2092161,47.921263,0.0015103506,0
12916500.39,,5905,,6.8841,-0.08,9.2E-6,6.9227964,0.14355637,0.010638882,3.155E-5,5.5686969,0.01172,16.207579,0.03155,0.56359969,1.6183996,0.0081338311,97.778001,3928.2298,3.875,1,,,,1.0113132E-5,3.2379581,47.92511,0.0015367897,0
12916656.16,,5905,,7.1875,-0.08,9.2E-6,7.2244857,0.14371855,0.011918873,3.39E-5,6.2914662,0.01332,18.210339,0.0339,0.76163333,1.710224,0.0096259516,97.519165,3947.0905,3.735,1,,,,1.076463E-5,3.2367992,52.193193,0.0016497884,0
12916690.19,,5905,,7.1883,-0.08,9.2E-6,7.2270454,0.1495973,0.011940587,3.165E-5,6.2992455,0.01334,18.239832,0.03165,0.75617149,1.7316156,0.0089418448,97.722936,3946.0942,3.48,1,,,,1.0639156E-5,3.420448,52.230185,0.0016522086,0
12916723.38,,5905,,7.1895,-0.08,9.2E-6,7.2274122,0.15130178,0.011821137,2.991E-5,6.3003194,0.01334,18.121456,0.02991,1.5312756,1.7215694,0.0087929187,97.755071,3959.5416,3.334,1,,,,1.0629524E-5,3.4632312,52.235488,0.0016355974,0
12916878.36,,5905,,7.5083,-0.08,9.2E-6,7.5526165,0.14992296,0.013503449,3.528E-5,7.0751139,0.01528,20.578562,0.03528,1.6897028,1.8018559,0.0088044415,97.840225,3958.1902,3.441,1,,,,1.1529851E-5,3.4431387,57.042016,0.0017879166,0
12916912.09,,5905,,7.5058,-0.08,9.3E-6,7.5521391,0.15494013,0.013443597,3.636E-5,7.0760156,0.01529,20.519613,0.03636,1.9215546,1.8189294,0.009717398,97.642722,3963.8049,3.567,1,,,,1.1398684E-5,3.6037118,57.034806,0.0017801046,0
12916945.8,,5905,,7.5043,-0.08,9.2E-6,7.5518275,0.15533319,0.013579216,4.211E-5,7.0758088,0.01529,20.655024,0.04211,0.54547805,1.8387703,0.0098833093,97.620592,3950.402,4.075,1,,,,1.1352048E-5,3.6378588,57.030099,0.0017981363,0
12917106.19,,5905,,7.8362,-0.08,9.2E-6,7.8844908,0.15747429,0.015336302,4.366E-5,7.8962907,0.01734,23.232593,0.04366,0.77892999,1.9347612,0.0097875298,97.751319,3960.4777,3.751,1,,,,1.2128979E-5,3.6775406,62.165195,0.0019451227,0
12917141.33,,5905,,7.838,-0.08,9.3E-6,7.8870107,0.16213218,0.015287775,4.272E-5,7.90394,0.01735,23.191715,0.04272,2.0222308,1.9248727,0.0099839443,97.697722,3965.9309,3.687,1,,,,1.2172466E-5,3.8695224,62.204938,0.0019383484,0
12917176.39,,5905,,7.8372,-0.08,9.2E-6,7.8861722,0.16250185,0.015228274,4.032E-5,7.9020051,0.01735,23.130279,0.04032,0.68683606,1.9338553,0.0098875615,97.733193,3970.6673,3.498,1,,,,1.2081578E-5,3.8497455,62.191712,0.0019310096,0
12917337.58,,5905,,8.1862,-0.08,9.2E-6,8.2324713,0.16454921,0.017045233,4.622E-5,8.8029078,0.02014,25.848141,0.04622,2.0669671,2.0505256,0.01075954,97.670133,3992.1795,3.602,1,,,,1.2737076E-5,3.8677107,67.773583,0.002070488,0
12917374.13,,5905,,8.1837,-0.08,9.2E-6,8.2354936,0.16948663,0.017297872,4.396E-5,8.8121313,0.02016,26.110003,0.04396,1.1484088,2.0599588,0.0093743474,97.969443,3974.107,3.361,1,,,,1.2790848E-5,4.1010512,67.823355,0.002100405,0
12917409.98,,5905,,8.1865,-0.08,9.3E-6,8.2357332,0.17061371,0.017159016,4.379E-5,8.813179,0.02017,25.972196,0.04379,1.1566333,2.0569769,0.010032142,97.830104,3984.914,3.384,1,,,,1.2749237E-5,4.1199177,67.827302,0.0020834838,0
12917574.45,,5905,,8.5483,-0.08,9.2E-6,8.5956374,0.17094963,0.019341849,5.075E-5,9.8249742,0.02234,29.166823,0.05075,0.86575838,2.1851973,0.011729281,97.603519,3996.314,3.489,1,,,,1.3492362E-5,4.1139537,73.884982,0.0022501936,0
12917611.14,,5905,,8.5458,-0.08,9.2E-6,8.5990221,0.17689948,0.01957426,5.093E-5,9.8354275,0.0224,29.409687,0.05093,1.0882385,2.1990495,0.010854937,97.787499,3982.0019,3.448,1,,,,1.3508533E-5,4.3703946,73.94318,0.0022763356,0
12917647.88,,5905,,8.5462,-0.08,9.2E-6,8.599635,0.17861694,0.019355181,5.296E-5,9.8373978,0.02241,29.192579,0.05296,1.1945512,2.1923947,0.011065336,97.746707,3997.2544,3.639,1,,,,1.345101E-5,4.3980989,73.953722,0.002250698,0
12917812.06,,5905,,8.9248,-0.08,9.2E-6,8.9762229,0.17832711,0.021939915,4.724E-5,10.941078,0.01733,32.880993,0.04724,1.7671725,2.3401392,0.012515329,97.597005,4001.5613,2.868,1,,,,1.4205736E-5,4.3847893,80.572578,0.0024442257,0
12917849.3,,5905,,8.9253,-0.08,9.2E-6,8.9804548,0.1862815,0.02197604,4.685E-5,10.955148,0.01742,32.931188,0.04685,0.95248261,2.3411588,0.011670585,97.759564,4001.2529,2.84,1,,,,1.4210479E-5,4.6802784,80.648568,0.0024470966,0
12917886.52,,5905,,8.9241,-0.08,9.2E-6,8.9791786,0.18563031,0.022107607,5.009E-5,10.95182,0.0174,33.059427,0.05009,2.107307,2.3480387,0.012553789,97.592149,3992.7322,3.011,1,,,,1.4235781E-5,4.6823175,80.625649,0.0024620968,0
12918052.11,,5905,,9.3206,-0.08,9.3E-6,9.3817702,0.18570562,0.025186364,5.626E-5,12.220655,0.01453,37.407019,0.05626,0.45303469,2.5048991,0.013533828,97.548731,3994.3283,2.97,1,,,,1.5104599E-5,4.6960775,88.017613,0.0026846068,0
12918090.63,,5905,,9.3192,-0.08,9.2E-6,9.3826424,0.19393899,0.025069115,4.865E-5,12.211406,0.01454,37.280521,0.04865,1.4999098,2.4784888,0.012584339,97.699398,4000.9178,2.585,1,,,,1.5202622E-5,5.0097983,88.033979,0.0026718609,0
12918130.72,,5905,,9.3174,-0.08,9.2E-6,9.3806831,0.19384558,0.025062744,5.11E-5,12.205795,0.01455,37.26854,0.0511,2.9226757,2.5167232,0.012560922,97.738331,4000.4212,2.715,1,,,,1.4964113E-5,4.9569775,87.997215,0.0026717398,0
12918303.11,,5905,,9.729,-0.08,9.2E-6,9.7908313,0.1944319,0.02868234,5.982E-5,13.536293,0.01503,42.218632,0.05982,3.247502,2.6880776,0.013687563,97.66601,3991.739,2.771,1,,,,1.5880016E-5,5.0334464,95.860378,0.0029295102,0
12918342.89,,5905,,9.7295,-0.08,9.2E-6,9.7954411,0.20310347,0.02853894,5.465E-5,13.555125,0.01508,42.094065,0.05465,1.9817976,2.6752437,0.013372673,97.71414,4000.2962,2.55,1,,,,1.5904719E-5,5.3761552,95.950667,0.0029134921,0
12918382.59,,5905,,9.7288,-0.08,9.2E-6,9.7946601,0.20198444,0.028699598,6.304E-5,13.552829,0.01507,42.252427,0.06304,2.3353086,2.6921045,0.014608282,97.513525,3992.4994,2.919,1,,,,1.5880603E-5,5.3504873,95.935366,0.002930127,0
12918609.77,,5905,,10.1577,-0.08,9.3E-6,10.239691,0.2038102,0.032161284,9.617E-5,15.185475,0.01837,47.346758,0.09617,0.24094866,2.8531315,0.013502108,97.831009,4018.4307,3.998,1,,,,1.6765239E-5,5.384209,104.85127,0.0031408452,0
12918650.45,,5905,,10.1634,-0.08,9.2E-6,10.242823,0.20943182,0.032228684,6.744E-5,15.196456,0.01837,47.425141,0.06744,0.41049541,2.7718366,0.013059857,97.839411,4016.8556,2.798,1,,,,1.7284968E-5,5.7062631,104.91542,0.0031464651,0
12918690.61,,5905,,10.1633,-0.08,9.3E-6,10.239536,0.20708645,0.032655965,7.286E-5,15.187698,0.01837,47.843663,0.07286,0.37332088,2.8917487,0.014978622,97.612715,3997.9762,2.969,1,,,,1.6734394E-5,5.5436732,104.8481,0.0031892035,0
12918868.27,,5905,,10.6121,-0.08,9.2E-6,10.691474,0.21239815,0.037210056,7.361E-5,16.869794,0.01952,54.07985,0.07361,2.930197,3.0856302,0.014694033,97.78344,3996.6699,2.632,1,,,,1.771535E-5,5.7834974,114.30761,0.0034803487,0
12918910.67,,5905,,10.6115,-0.08,9.3E-6,10.696099,0.22083739,0.037121948,7.593E-5,16.892727,0.01955,54.014674,0.07593,4.2114071,3.0643773,0.015067874,97.714653,4001.5597,2.725,1,,,,1.7822328E-5,6.1712604,114.40652,0.0034706064,0
12918952.89,,5905,,10.6118,-0.08,9.2E-6,10.696915,0.22067188,0.037260782,7.711E-5,16.897154,0.01956,54.157936,0.07711,3.7637804,3.101635,0.014872594,97.768316,3996.8886,2.754,1,,,,1.7650674E-5,6.1287547,114.42399,0.0034833203,0
12919131.98,,5905,,11.0799,-0.08,9.2E-6,11.167166,0.2212992,0.042139372,8.424E-5,18.864097,0.02225,61.003469,0.08424,2.0946947,3.2932271,0.01635201,97.677384,4004.9241,2.665,1,,,,1.8735155E-5,6.2032699,124.7056,0.0037735064,0
12919175.09,,5905,,11.0798,-0.08,9.2E-6,11.172651,0.2301553,0.042419754,8.563E-5,18.891524,0.02228,61.311278,0.08563,3.3333076,3.3223862,0.016305794,97.699545,3998.0439,2.687,1,,,,1.8663028E-5,6.5864542,124.82814,0.0037967491,0
12919218.53,,5905,,11.0804,-0.08,9.2E-6,11.173763,0.23100572,0.042357207,8.51E-5,18.895741,0.02229,61.252948,0.0851,1.9926162,3.2978364,0.016122851,97.709962,4000.4087,2.675,1,,,,1.8782873E-5,6.6447725,124.85299,0.0037907736,0
12919402.94,,5905,,11.5698,-0.08,9.2E-6,11.66232,0.22960869,0.048163579,9.518E-5,20.901561,0.0251,69.06514,0.09518,2.573938,3.5597217,0.017771065,97.635459,4000.3021,2.632,1,,,,1.9631505E-5,6.5956729,136.00971,0.0041298454,0
12919448.09,,5905,,11.5701,-0.08,9.3E-6,11.669331,0.24139537,0.048427992,9.616E-5,20.919638,0.02512,69.34763,0.09616,2.8089522,3.5454639,0.016458353,97.797146,3995.4087,2.641,1,,,,1.9775406E-5,7.1194434,136.17328,0.0041500231,0
12919493.2,,5905,,11.5701,-0.08,9.2E-6,11.669494,0.24127952,0.048492889,0.0001009,20.921307,0.02513,69.414197,0.1009,3.702513,3.5790142,0.016881164,97.760582,3993.6815,2.765,1,,,,1.9612649E-5,7.0909278,136.17709,0.0041555264,0
12919678.47,,5905,,12.0825,-0.08,9.2E-6,12.181557,0.24210784,0.055202932,0.0001035,23.05174,0.02806,78.254672,0.1035,3.3862261,3.8444371,0.01862924,97.667728,3992.6644,2.491,1,,,,2.0598378E-5,7.1580283,148.39034,0.004531681,0
12919724.91,,5905,,12.0821,-0.08,9.2E-6,12.187638,0.25376757,0.055234372,0.0001122,23.082643,0.0281,78.317015,0.1122,1.8537252,3.8374097,0.018383397,97.695056,3993.8995,2.702,1,,,,2.0649493E-5,7.6888742,148.53853,0.0045319995,0
12919771.47,,5905,,12.0822,-0.08,9.2E-6,12.187578,0.25357322,0.055289902,0.0001109,23.082865,0.0281,78.372767,0.1109,3.4764801,3.8503866,0.018974508,97.62793,3992.542,2.665,1,,,,2.0601889E-5,7.6748194,148.53705,0.0045365785,0
12919961.22,,5905,,12.6162,-0.08,9.2E-6,12.720592,0.2533784,0.062798435,0.0001232,25.408763,0.03111,88.207197,0.1232,3.3931956,4.1506698,0.020395307,97.602549,3993.9714,2.608,1,,,,2.1517224E-5,7.7007733,161.81345,0.0049367542,0
12920009.89,,5905,,12.6162,-0.08,9.3E-6,12.727999,0.26690059,0.062982124,0.0001201,25.432102,0.03114,88.414227,0.1201,4.5282293,4.1359169,0.01916144,97.737683,3992.4082,2.535,1,,,,2.1629451E-5,8.3013396,162.00195,0.0049483132,0
12920058.34,,5905,,12.6158,-0.08,9.2E-6,12.727658,0.2661499,0.0629769,0.0001227,25.429984,0.03113,88.406883,0.1227,3.4016154,4.1322418,0.01883634,97.774118,3992.4116,2.589,1,,,,2.1642711E-5,8.2718338,161.99328,0.0049480352,0
12920255.63,,5905,,13.1742,-0.08,9.2E-6,13.283676,0.26520973,0.071638931,0.0001491,28.062724,0.03419,99.701654,0.1491,4.2421851,4.4706114,0.020982011,97.677002,3991.6203,2.765,1,,,,2.257671E-5,8.2644837,176.45605,0.0053930049,0
12920307.42,,5905,,13.174,-0.08,9.2E-6,13.291482,0.27947303,0.07181672,0.0001368,28.091991,0.03422,99.908711,0.1368,3.4917429,4.4588265,0.020044942,97.773561,3990.6673,2.531,1,,,,2.26718E-5,8.9412229,176.66349,0.005403214,0
12920359.45,,5905,,13.1687,-0.08,9.2E-6,13.289891,0.27841007,0.071712482,0.0001407,28.081993,0.03421,99.794475,0.1407,1.7833887,4.4244925,0.018723558,97.905377,3992.1219,2.608,1,,,,2.2805265E-5,8.917653,176.62119,0.0053960175,0
12920558.41,,5905,,13.7562,-0.08,9.2E-6,13.871969,0.27490347,0.081943844,0.0001598,31.100768,0.03861,113.04461,0.1598,2.9959173,4.8336538,0.022577072,97.654467,3985.7801,2.588,1,,,,2.3683552E-5,8.8489849,192.43152,0.0059071531,0
12920611.72,,5905,,13.7561,-0.08,9.2E-6,13.881258,0.29204407,0.082161763,0.0001658,31.141258,0.03868,113.30302,0.1658,3.7016673,4.8141651,0.021565392,97.749247,3984.9198,2.676,1,,,,2.3821605E-5,9.6673076,192.68932,0.0059188989,0
12920664.64,,5905,,13.7561,-0.08,9.2E-6,13.881313,0.29074482,0.082250335,0.0001659,31.140522,0.03868,113.39086,0.1659,3.180652,4.8077528,0.021375503,97.764975,3983.5047,2.675,1,,,,2.386998E-5,9.6283303,192.69086,0.0059252559,0
12920867.73,,5905,,14.3655,-0.08,9.2E-6,14.488201,0.28839582,0.093824906,0.0001847,34.418113,0.04434,128.24302,0.1847,2.6237831,5.2276562,0.023608671,97.695645,3979.1493,2.607,1,,,,2.4842791E-5,9.6155056,209.90798,0.0064759526,0
12920924.22,,5905,,14.3661,-0.08,9.2E-6,14.497703,0.30525936,0.094043111,0.0001835,34.462339,0.04441,128.50545,0.1835,2.4734647,5.2209927,0.023035802,97.747687,3978.677,2.585,1,,,,2.4918324E-5,10.455312,210.1834,0.0064867593,0
12920981.36,,5905,,14.3652,-0.08,9.2E-6,14.497897,0.30502851,0.09394962,0.0001815,34.463262,0.04441,128.41288,0.1815,3.4204432,5.2229982,0.022900478,97.762898,3980.0496,2.559,1,,,,2.4888533E-5,10.441985,210.18902,0.0064802239,0
12921191.89,,5905,,14.9998,-0.08,9.2E-6,15.130538,0.30263027,0.10670344,0.0002095,37.945684,0.04854,144.64913,0.2095,2.2794632,5.6350833,0.02496472,97.705358,3981.1544,2.602,1,,,,2.5998912E-5,10.445996,228.93318,0.0070521909,0
12921251.11,,5905,,15.0003,-0.08,9.2E-6,15.139156,0.31905552,0.10700267,0.0002061,37.986226,0.04857,144.9889,0.2061,4.4211079,5.642007,0.023966386,97.798189,3979.7054,2.552,1,,,,2.6014583E-5,11.270167,229.19405,0.0070679415,0
12921310.72,,5905,,15,-0.08,9.2E-6,15.139252,0.31913465,0.10710227,0.0002075,37.987757,0.04857,145.09002,0.2075,4.2324511,5.664987,0.024560768,97.75164,3978.4965,2.566,1,,,,2.5934127E-5,11.284014,229.19695,0.0070744754,0
12921536.63,,5905,,15.4998,-0.08,9.2E-6,15.637954,0.32003517,0.11765754,0.0002289,40.792568,0.0506,158.45011,0.2289,3.4278833,5.9985324,0.025730704,97.750378,3982.7906,2.579,1,,,,2.6751466E-5,11.146048,244.54559,0.0075238449,0
12921596.97,,5905,,15.5004,-0.08,9.2E-6,15.643728,0.33086017,0.11786706,0.0002236,40.832849,0.05063,158.6999,0.2236,4.1924776,6.0111154,0.02595152,97.734884,3981.8991,2.515,1,,,,2.6740072E-5,11.997065,244.72624,0.0075344607,0
12921658.66,,5905,,15.5005,-0.08,9.2E-6,15.644353,0.33138275,0.11790155,0.0002265,40.819198,0.05062,158.72075,0.2265,3.6204762,6.0003863,0.025288706,97.788248,3981.6698,2.546,1,,,,2.6783293E-5,12.022231,244.74579,0.0075363648,0
12921910.06,,5905,,16.9395,-0.08,9.3E-6,17.080826,0.32461737,0.15374627,0.0002794,49.77668,0.06511,203.52295,0.2794,10.249527,7.1107999,0.030398216,97.67792,3979.1307,2.407,1,,,,2.9011648E-5,12.000773,291.75463,0.0090011023,0
12921978.33,,5905,,16.9391,-0.08,9.2E-6,17.101731,0.36312182,0.15445507,0.0002883,49.887746,0.06538,204.34281,0.2883,6.8090689,7.0645131,0.027638094,97.872978,3977.897,2.472,1,,,,2.9285826E-5,14.2216,292.4692,0.009031546,0
12922045.69,,5905,,16.9403,-0.08,9.2E-6,17.10173,0.36222833,0.15445042,0.0003018,49.889571,0.06539,204.33999,0.3018,9.2004984,7.1224544,0.028660549,97.812089,3977.9367,2.587,1,,,,2.9057681E-5,14.129026,292.46917,0.0090312744,0
12922316.2,,5905,,18.5124,-0.08,9.2E-6,18.668882,0.35566638,0.20149487,0.0003385,60.888226,0.09038,262.3831,0.3385,8.677114,8.3955818,0.032891,97.792308,3974.1517,2.223,1,,,,3.1670258E-5,14.244909,348.52716,0.010793087,0
12922390.7,,5905,,18.5126,-0.08,9.3E-6,18.690208,0.39572049,0.20263758,0.0003735,61.035354,0.09061,263.67293,0.3735,6.2076554,8.4109199,0.031926259,97.85745,3971.1986,2.437,1,,,,3.1755831E-5,16.791164,349.32389,0.010841911,0
12922465.06,,5905,,18.5121,-0.08,9.2E-6,18.690761,0.39558778,0.20239571,0.000363,61.037432,0.09061,263.43314,0.363,5.9157805,8.3708943,0.0310993,97.904582,3972.8974,2.372,1,,,,3.1869216E-5,16.82184,349.34455,0.01082865,0
12922749.7,,5905,,20.2299,-0.08,9.2E-6,20.396589,0.38795531,0.2616805,0.0004507,73.5854,0.1055,335.2659,0.4507,6.7052867,9.9806175,0.036968297,97.826972,3979.6772,2.282,1,,,,3.4047984E-5,16.741789,416.02083,0.012829621,0
12922834.05,,5905,,20.2302,-0.08,9.2E-6,20.422157,0.43528721,0.263023,0.0004742,73.766982,0.1058,336.78998,0.4742,17.589577,9.9363185,0.034683801,97.949666,3977.875,2.388,1,,,,3.4329119E-5,19.961235,417.06451,0.012879296,0
12922919.11,,5905,,20.2306,-0.08,9.2E-6,20.422427,0.43411713,0.26311185,0.0004725,73.769584,0.1058,336.88143,0.4725,9.900381,9.972761,0.035193116,97.926684,3977.4797,2.378,1,,,,3.4217989E-5,19.872637,417.07552,0.012883476,0
12923230.05,,5905,,22.1034,-0.08,9.2E-6,22.297338,0.42327497,0.34108973,0.0009962,89.152523,0.1334,430.24225,0.9962,0.025203087,11.70115,0.038573456,97.982386,3982.6991,3.87,1,,,,3.7246689E-5,19.945522,497.17127,0.01529733,0
12923324.38,,5905,,22.1047,-0.08,9.2E-6,22.327058,0.47782624,0.33829385,0.0007076,89.405859,0.1339,427.69971,0.7076,0.55526504,11.835396,0.03831198,98.032051,3998.9637,2.784,1,,,,3.6592681E-5,23.4023,498.4975,0.015151743,0
12923420.2,,5905,,22.1123,-0.08,9.3E-6,22.324331,0.47871931,0.34143695,0.000609,89.369072,0.1338,430.80602,0.609,9.6348435,11.926919,0.039937902,97.952106,3986.1684,2.367,1,,,,3.6596451E-5,23.670791,498.37576,0.015294386,0
12923740.53,,5905,,24.1607,-0.08,9.3E-6,24.36947,0.47212435,0.43640923,0.0007178,107.1848,0.1765,543.59403,0.7178,9.0522237,14.105812,0.045431612,97.952805,4009.5486,2.196,1,,,,3.905769E-5,23.853837,593.87108,0.017908031,0
12923849,,5905,,24.1621,-0.08,9.2E-6,24.39928,0.5270307,0.43844696,0.0007489,107.42983,0.1771,545.8768,0.7489,5.1792933,14.060236,0.042658534,98.069413,4008.2245,2.279,1,,,,3.9318738E-5,28.211625,595.32488,0.017969668,0
12923956.98,,5905,,24.1611,-0.08,9.2E-6,24.398014,0.52610044,0.43833796,0.0007443,107.41681,0.1771,545.75477,0.7443,1.5430738,14.038444,0.042336758,98.081223,4008.3487,2.266,1,,,,3.9367848E-5,28.120473,595.26309,0.017966133,0
12924296.97,,5905,,26.404,-0.08,9.2E-6,26.633518,0.51578182,0.55690175,0.0008976,128.03658,0.2306,684.93833,0.8976,15.013873,16.73144,0.049829333,98.027567,4040.015,2.168,1,,,,4.1483386E-5,28.076888,709.34431,0.020909808,0
12924422.95,,5905,,26.4038,-0.08,9.2E-6,26.668517,0.57865535,0.55976857,0.0009537,128.34508,0.2314,688.11364,0.9537,1.6955169,16.666243,0.046764045,98.139152,4038.4062,2.291,1,,,,4.1807413E-5,33.46288,711.20982,0.020989864,0
12924547.8,,5905,,26.404,-0.08,9.2E-6,26.667852,0.57715697,0.56001681,0.0009364,128.33775,0.2313,688.35456,0.9364,1.7608374,16.683405,0.046715337,98.142432,4037.7087,2.248,1,,,,4.177819E-5,33.332486,711.17434,0.020999697,0
12924916.2,,5905,,28.8549,-0.08,9.2E-6,29.099897,0.56444367,0.70712945,0.001107,152.73767,0.2874,859.86712,1.107,17.741742,19.84671,0.055317524,98.078543,4076.3666,2.125,1,,,,4.3901079E-5,33.36681,846.80401,0.024300067,0
12925060.97,,5905,,28.8554,-0.08,9.2E-6,29.138047,0.63272519,0.71028477,0.001188,153.1045,0.2882,863.38926,1.188,1.1135729,19.759022,0.051740328,98.193174,4075.6577,2.27,1,,,,4.424156E-5,39.693421,849.02576,0.02437654,0
12925204.94,,5905,,28.8551,-0.08,9.2E-6,29.137054,0.63091951,0.7103267,0.0012,153.0927,0.2882,863.41939,1.2,1.1337334,19.772193,0.051971371,98.186105,4075.4387,2.293,1,,,,4.4215837E-5,39.518044,848.9679,0.02437881,0
12925603.11,,5905,,31.5344,-0.08,9.2E-6,31.806093,0.61270637,0.89430723,0.001375,182.38541,0.3482,1076.6926,1.375,4.2439717,23.461805,0.060644361,98.149546,4119.9841,2.109,1,,,,4.6489776E-5,39.544385,1011.6276,0.028117481,0
12925769.45,,5905,,31.5334,-0.08,9.3E-6,31.847495,0.68527049,0.8979073,0.001429,182.81722,0.3492,1080.7245,1.429,1.7692422,23.321701,0.057139442,98.244748,4119.8263,2.183,1,,,,4.691279E-5,46.92361,1014.2629,0.028193969,0
12925958.17,,5905,,31.5338,-0.08,9.3E-6,31.846516,0.68338144,0.89731353,0.001455,182.80433,0.3491,1080.1179,1.455,22.653511,23.338539,0.057084447,98.248422,4120.6081,2.225,1,,,,4.6851294E-5,46.643402,1014.2006,0.028176192,0
12926388.25,,5905,,34.4615,-0.08,9.3E-6,34.757316,0.66410249,1.1198674,0.00163,217.27572,0.4208,1337.1431,1.63,5.2252986,27.573375,0.067267422,98.193911,4177.0678,2.024,1,,,,4.9121179E-5,46.677077,1208.071,0.032219616,0
12926606.05,,5905,,34.4607,-0.08,9.2E-6,34.80126,0.74187002,1.1242806,0.001684,217.77162,0.4217,1342.0523,1.684,2.9328732,27.463127,0.063681212,98.282038,4176.8691,2.083,1,,,,4.9468307E-5,55.146749,1211.1277,0.032305746,0
12926796.52,,5905,,34.4613,-0.08,9.2E-6,34.801949,0.73888947,1.1241512,0.001781,217.77255,0.4217,1341.9237,1.781,0.4496677,27.364681,0.062870236,98.298069,4177.1122,2.203,1,,,,4.9635757E-5,54.926254,1211.1757,0.032301386,0
12927259.22,,5905,,37.6611,-0.08,9.2E-6,37.98327,0.7230957,1.3840681,0.002125,258.25931,0.497,1642.3274,2.125,1.7766387,32.304153,0.076671858,98.195046,4253.5743,2.175,1,,,,5.1504814E-5,54.729362,1442.7288,0.036438887,0
12927511.8,,5905,,37.6609,-0.08,9.2E-6,38.032225,0.80829238,1.3897456,0.002028,258.84279,0.498,1648.5884,2.028,2.5872343,32.088195,0.071176977,98.311848,4253.2488,2.067,1,,,,5.2005128E-5,64.608307,1446.4502,0.036541264,0
12927760.14,,5905,,37.6611,-0.08,9.2E-6,38.032485,0.80427077,1.3895643,0.00205,258.85812,0.4981,1648.4225,2.05,2.2934586,32.075461,0.071602475,98.301225,4253.4629,2.09,1,,,,5.2024532E-5,64.176391,1446.4699,0.036536248,0
12928266.73,,5905,,41.157,-0.08,9.3E-6,41.506886,0.79154885,1.6936548,0.002484,306.56209,0.5774,2000.2168,2.484,0.67962354,37.464201,0.08519014,98.233983,4345.6956,2.123,1,,,,5.4079833E-5,64.150922,1722.8216,0.040804187,0
12928554.69,,5905,,41.1563,-0.08,9.2E-6,41.559708,0.87918375,1.6998479,0.002265,307.23144,0.5784,2007.0794,2.265,2.2136652,37.169658,0.079339571,98.341336,4345.9352,1.928,1,,,,5.465247E-5,74.928402,1727.2093,0.040901345,0
12928839.67,,5905,,41.1575,-0.08,9.2E-6,41.55761,0.87484432,1.7011336,0.002299,307.21623,0.5783,2008.3498,2.299,1.6251607,37.252494,0.079928019,98.331735,4344.6208,1.955,1,,,,5.4569476E-5,74.339315,1727.035,0.040934346,0
12929388.33,,5905,,44.9782,-0.08,9.2E-6,45.377788,0.87433836,2.0302904,0.00298,361.49347,0.6294,2391.7838,2.98,0.31129121,43.087839,0.095661433,98.255825,4472.3732,2.186,1,,,,5.6221109E-5,74.504988,2059.1436,0.044741943,0
12929715.61,,5905,,44.9781,-0.08,9.2E-6,45.43382,0.96619362,2.0368795,0.002509,362.24878,0.6299,2399.1283,2.509,1.5220327,42.699522,0.089924591,98.344848,4473.0619,1.835,1,,,,5.6869377E-5,86.175677,2064.232,0.044831791,0
12930040.7,,5905,,44.9783,-0.08,9.2E-6,45.431499,0.96140803,2.0370549,0.002505,362.20988,0.6299,2399.2648,2.505,0.79420325,42.757169,0.090383112,98.338375,4472.705,1.832,1,,,,5.6798692E-5,85.399043,2064.0211,0.044837942,0
12930641.11,,5905,,49.154,-0.08,9.3E-6,49.576389,0.96567256,2.3991271,0.003637,427.53901,0.6964,2826.6662,3.637,0.26628063,49.036652,0.10901976,98.254472,4621.7305,2.333,1,,,,5.8383322E-5,85.514338,2457.8184,0.048392535,0
12931010.92,,5905,,49.1538,-0.08,9.2E-6,49.6376,1.0615914,2.4066954,0.002884,428.49825,0.6977,2835.1936,2.884,1.4754245,48.468186,0.10130881,98.358646,4622.5812,1.845,1,,,,5.9200846E-5,98.073304,2463.8913,0.048485329,0
12931378.83,,5905,,49.152,-0.08,9.3E-6,49.634928,1.0543757,2.4039069,0.002882,428.45557,0.6976,2832.3625,2.882,0.92612315,48.37391,0.10064951,98.367436,4624.119,1.847,1,,,,5.9252919E-5,96.936372,2463.6261,0.048431759,0
12932026.84,,5905,,53.7166,-0.08,9.2E-6,54.185569,1.0493983,2.8422475,0.004615,511.89052,0.8011,3354.138,4.615,0.15859067,55.319415,0.12518551,98.236307,4773.9411,2.581,1,,,,6.1415656E-5,96.74782,2936.0759,0.052453957,0
12932440.38,,5905,,53.7171,-0.08,9.2E-6,54.252243,1.1526485,2.8494678,0.00333,513.0826,0.8023,3362.5504,3.33,1.2399146,54.50605,0.11532199,98.351651,4775.7747,1.859,1,,,,6.2435391E-5,110.63883,2943.3059,0.05252258,0
12932850.64,,5905,,53.7171,-0.08,9.2E-6,54.24829,1.1428563,2.8489289,0.003403,513.03087,0.8023,3361.9598,3.403,0.93467495,54.539192,0.11574864,98.346623,4775.7278,1.9,1,,,,6.2388783E-5,109.0121,2942.877,0.052516473,0
12933610.73,,5905,,58.704,-0.08,9.2E-6,59.213779,1.1461946,3.3081859,0.004265,612.48543,0.8723,3920.6714,4.265,0.31271142,61.343584,0.14173203,98.233681,4959.527,2.13,1,,,,6.4733426E-5,109.07838,3506.2717,0.055868515,0
12934065.31,,5905,,58.7039,-0.08,9.2E-6,59.278467,1.2500724,3.3154176,0.003556,613.70282,0.8728,3929.1204,3.556,0.93465437,60.63611,0.13208049,98.335281,4961.3325,1.772,1,,,,6.558114E-5,122.68717,3513.9367,0.055929544,0
12934517.19,,5905,,58.7037,-0.08,9.2E-6,59.278387,1.2411867,3.3153269,0.003414,613.70328,0.8728,3929.0301,3.414,0.97191653,60.611351,0.13195334,98.336244,4961.3711,1.702,1,,,,6.5605952E-5,121.27222,3513.9272,0.055928088,0
12935336.53,,5905,,64.1539,-0.08,9.2E-6,64.718285,1.2611816,3.7635438,0.004756,726.88425,0.9141,4490.4281,4.756,0.1508571,67.385714,0.1621514,98.21313,5192.4868,2.185,1,,,,6.7491418E-5,121.2227,4188.4564,0.058152713,0
12935832.17,,5905,,64.1542,-0.08,9.3E-6,64.78629,1.3681976,3.7733254,0.003646,728.26745,0.9148,4501.5928,3.646,0.40547855,66.751959,0.15233053,98.305277,5193.4476,1.671,1,,,,6.8256351E-5,134.77143,4197.2633,0.058242652,0
12936326.36,,5905,,64.1535,-0.08,9.2E-6,64.784727,1.3605421,3.7739795,0.003468,728.24111,0.9148,4502.2206,3.468,0.54826823,66.763588,0.15326629,98.294843,5193.0222,1.589,1,,,,6.8259174E-5,133.50392,4197.0608,0.058254155,0
12937204.09,,5905,,70.1109,-0.08,9.2E-6,70.728789,1.3874759,4.2352942,0.005641,865.88556,1.009,5101.1798,5.641,0.14693403,73.34987,0.18701106,98.177998,5455.681,2.42,1,,,,7.0437839E-5,133.52718,5002.5616,0.059880768,0
12937742.3,,5905,,70.1099,-0.08,9.2E-6,70.800229,1.4969746,4.2432868,0.004004,867.57084,1.01,5110.8577,4.004,0.70200746,72.537076,0.1767856,98.258956,5457.7605,1.715,1,,,,7.132126E-5,146.69974,5012.6724,0.059933236,0
12938277.7,,5905,,70.11,-0.08,9.2E-6,70.798549,1.4869692,4.242361,0.004028,867.52544,1.01,5109.8864,4.028,0.58363411,72.457787,0.17572085,98.267802,5458.028,1.726,1,,,,7.1381212E-5,145.07415,5012.4346,0.05992158,0
12939211.44,,5905,,76.6175,-0.08,9.3E-6,77.280168,1.5098701,4.7529156,0.006648,1040.4787,1.144,5793.3943,6.648,0.12881614,78.8183,0.21612412,98.126487,5736.258,2.672,1,,,,7.4450356E-5,144.91557,5972.2244,0.061502398,0
12939791.81,,5905,,76.6187,-0.08,9.2E-6,77.354371,1.6231558,4.7610137,0.004567,1042.5314,1.145,5803.5451,4.567,0.62046699,78.007573,0.20400701,98.214034,5738.5086,1.834,1,,,,7.5310094E-5,157.6366,5983.6987,0.061548089,0
12940365.94,,5905,,76.6184,-0.08,9.2E-6,77.35534,1.6134309,4.7606291,0.004599,1042.5905,1.145,5803.2196,4.599,0.47760279,77.965509,0.20366741,98.216219,5738.735,1.847,1,,,,7.5345314E-5,156.01515,5983.8487,0.061542346,0
12941358.84,,5905,,83.7312,-0.08,9.2E-6,84.441637,1.6337868,5.3155518,0.007725,1265.7383,1.317,6581.2901,7.725,0.10974169,84.017929,0.25117656,98.063598,6038.3904,2.922,1,,,,7.9344062E-5,155.93102,7130.39,0.062949417,0
12941976.97,,5905,,83.732,-0.08,9.2E-6,84.521427,1.7489765,5.3230764,0.005006,1268.2917,1.319,6591.3681,5.006,0.63759083,83.005407,0.23787714,98.144948,6041.2469,1.893,1,,,,8.0390634E-5,168.03586,7143.8716,0.062979018,0
12942588.28,,5905,,83.7309,-0.08,9.3E-6,84.519544,1.7370608,5.3215733,0.004932,1268.2542,1.319,6589.8275,4.932,0.56173217,82.939872,0.23573029,98.160622,6041.681,1.865,1,,,,8.0426776E-5,166.01081,7143.5533,0.062962636,0
12943636.58,,5905,,91.5051,-0.08,9.2E-6,92.272774,1.7723189,5.8715078,0.008056,1522.9717,1.441,7394.4794,8.056,0.072741244,88.407611,0.28622713,98.009552,6383.2024,2.917,1,,,,8.4715267E-5,165.87974,8514.2648,0.063632072,0
12944282.16,,5905,,91.5047,-0.08,9.2E-6,92.35345,1.8880174,5.8781492,0.004721,1525.4722,1.442,7403.6214,4.721,0.3492102,87.463326,0.27229969,98.086965,6386.3764,1.709,1,,,,8.5692278E-5,176.81522,8529.1597,0.063648399,0
12944920.25,,5905,,91.5049,-0.08,9.2E-6,92.352394,1.8762867,5.8776082,0.004973,1525.4697,1.442,7403.0779,4.973,0.19878105,87.422205,0.27251473,98.084645,6386.4993,1.8,1,,,,8.5727548E-5,174.92665,8528.9647,0.063643268,0
12946009.77,,5905,,99.9979,-0.08,9.2E-6,100.8415,1.9636291,6.2814343,0.008616,1801.6652,1.535,8083.0995,8.616,0.075277259,92.476342,0.33423086,97.903775,6820.7754,3.116,1,,,,8.8541547E-5,174.84441,10169.007,0.062290174,0
12946683.44,,5905,,100.001,-0.08,9.2E-6,100.93017,2.0850946,6.2867553,0.005043,1804.6922,1.537,8091.4474,5.043,0.30504087,91.326014,0.31493189,98.001325,6824.8465,1.824,1,,,,8.9694205E-5,184.95268,10186.899,0.062288168,0
12947351.7,,5905,,99.9992,-0.08,9.3E-6,100.93065,2.0708917,6.2795715,0.004939,1804.7206,1.537,8084.2921,4.939,0.27586427,91.127169,0.3109517,98.023674,6827.4805,1.789,1,,,,8.9797329E-5,182.65203,10186.996,0.062216697,0
12948694.38,,5905,,110,-0.08,9.2E-6,110.96732,2.1852562,6.8120954,0.006374,2178.2225,1.828,8990.3179,6.374,0.098231065,94.436968,0.36211085,97.904349,7305.4838,2.277,1,,,,9.637363E-5,177.14204,12313.746,0.061388303,0
12949388.11,,5905,,109.999,-0.08,9.3E-6,111.01456,2.2590165,6.8098567,0.0054,2179.7706,1.829,8989.6273,5.4,0.30703631,94.403692,0.35951715,97.91982,7309.3944,1.931,1,,,,9.639072E-5,188.87394,12324.232,0.061342016,0
12950081.05,,5905,,110,-0.08,9.2E-6,111.02102,2.257585,6.8156278,0.00538,2180.018,1.829,8995.6458,5.38,0.25675877,94.513524,0.35865121,97.926464,7307.7558,1.922,1,,,,9.6339762E-5,188.80738,12325.666,0.06139043,0
12951187.34,,5905,,115.963,-0.08,9.2E-6,116.96743,2.3002199,7.0645269,0.00838,2404.8178,1.882,9469.3447,8.38,0.086725574,96.985743,0.40732285,97.777148,7607.6652,3.006,1,,,,9.8877148E-5,189.02705,13681.38,0.060397383,0
12951889.75,,5905,,115.966,-0.08,9.2E-6,117.0423,2.3957904,7.0726552,0.005167,2407.6615,1.882,9480.3167,5.167,0.15563082,96.001518,0.38450068,97.880514,7609.6171,1.852,1,,,,9.9946722E-5,193.97149,13698.899,0.060428198,0
12952586.63,,5905,,115.966,-0.08,9.2E-6,117.04541,2.3807879,7.0741885,0.005219,2407.8224,1.882,9482.0109,5.219,0.24198476,95.976457,0.38869574,97.856598,7609.2695,1.87,1,,,,0.00010000462,192.00304,13699.628,0.060439692,0
12953704.47,,5905,,122.251,-0.08,9.2E-6,123.3252,2.4336817,7.296776,0.008799,2646.491,1.886,9943.267,8.799,0.076981651,98.11095,0.43419309,97.729634,7935.1589,3.187,1,,,,0.00010262078,191.95291,15209.105,0.05916695,0
12954422.31,,5905,,122.251,-0.08,9.2E-6,123.40462,2.5307167,7.3012222,0.005587,2649.6036,1.887,9950.8258,5.587,0.23405469,97.14912,0.41502943,97.809124,7938.6567,2.024,1,,,,0.00010366892,196.2219,15228.7,0.059164903,0
12955126.03,,5905,,122.254,-0.08,9.2E-6,123.40425,2.5164411,7.3019994,0.00612,2649.6435,1.887,9951.6429,6.12,0.14452199,97.197936,0.41576498,97.806241,7938.3514,2.217,1,,,,0.00010362709,194.29824,15228.609,0.059171376,0
12956257.72,,5905,,128.882,-0.08,9.2E-6,130.01689,2.5647206,7.5683263,0.01014,2907.6455,1.966,10475.972,10.14,0.095645424,99.258003,0.46682588,97.651438,8264.4499,3.688,1,,,,0.00010687402,194.39587,16904.391,0.058210333,0
12956981.94,,5905,,128.882,-0.08,9.2E-6,130.09758,2.6678371,7.570191,0.005936,2910.9398,1.968,10481.131,5.936,0.26344031,98.286186,0.4474806,97.727541,8268.9002,2.16,1,,,,0.00010793847,198.51601,16925.381,0.058188561,0
12957702.48,,5905,,128.882,-0.08,9.2E-6,130.09899,2.6508298,7.5721141,0.005928,2911.0171,1.968,10483.131,5.928,0.20292236,98.133928,0.44315702,97.745798,8268.2897,2.157,1,,,,0.00010811598,196.57237,16925.748,0.058202712,0
12958858.83,,5905,,135.871,-0.08,9.2E-6,137.05511,2.6993803,7.8395203,0.01001,3192.5327,2.225,11032.053,10.01,0.087838423,99.831319,0.49292052,97.597736,8610.193,3.662,1,,,,0.00011188736,196.26786,18784.104,0.057199765,0
12959582.42,,5905,,135.869,-0.08,9.2E-6,137.13959,2.8032509,7.8290025,0.005621,3196.066,2.229,11025.069,5.621,0.3069179,98.664818,0.46792392,97.695123,8619.3563,2.062,1,,,,0.00011307843,199.66264,18807.266,0.057087838,0
12960304.75,,5905,,135.869,-0.08,9.2E-6,137.13893,2.7829066,7.8383454,0.005905,3196.0816,2.229,11034.427,5.905,0.21030572,98.731348,0.46757859,97.69719,8615.8893,2.162,1,,,,0.00011309784,197.32964,18807.087,0.057156237,0
12961470.67,,5905,,143.235,-0.08,9.2E-6,144.49845,2.8534362,8.0660156,0.01056,3489.1385,2.447,11555.154,10.56,0.07623854,100.30038,0.51987599,97.54179,8992.0281,3.922,1,,,,0.00011662766,197.4627,20879.803,0.055820775,0
12962207.48,,5905,,143.239,-0.08,9.2E-6,144.58702,2.9626813,8.0682891,0.006187,3492.7253,2.448,11561.014,6.187,0.21872799,99.401527,0.49639735,97.6323,8996.6945,2.299,1,,,,0.00011768693,200.60076,20905.407,0.055802305,0
12962928.64,,5905,,143.239,-0.08,9.2E-6,144.59366,2.9468345,8.065266,0.006162,3493.0017,2.449,11558.268,6.162,0.17256506,99.137254,0.48921548,97.660768,8998.2316,2.29,1,,,,0.00011795512,198.80305,20907.327,0.055778835,0
12964107.84,,5905,,151.005,-0.08,9.2E-6,152.35296,3.0228511,8.286318,0.01137,3794.7178,2.548,12081.036,11.37,0.060584002,100.40543,0.53811301,97.515366,9396.0322,4.295,1,,,,0.00012177269,198.27451,23211.423,0.054388955,0
12964842.58,,5905,,151.006,-0.08,9.2E-6,152.44651,3.1307896,8.2905061,0.006278,3798.5575,2.549,12089.064,6.278,0.259897,99.420929,0.51441562,97.601655,9400.2184,2.371,1,,,,0.00012300738,200.81085,23239.938,0.054383051,0
12965562.66,,5905,,151.009,-0.08,9.2E-6,152.45142,3.1128848,8.286549,0.006569,3798.7657,2.549,12085.315,6.569,0.12561181,99.172836,0.50644094,97.633385,9402.0177,2.483,1,,,,0.0001232571,198.84186,23241.437,0.05435534,0
12966748.19,,5905,,159.194,-0.08,9.3E-6,160.613,3.1947442,8.5079041,0.01213,4120.4775,2.691,12628.382,12.13,0.079370732,100.23476,0.56464054,97.442755,9818.6998,4.661,1,,,,0.00012749738,198.34567,25796.536,0.052971453,0
12967477.97,,5905,,159.193,-0.08,9.2E-6,160.71302,3.3079632,8.5062523,0.006498,4124.5376,2.693,12630.79,6.498,0.17194033,99.110456,0.52155789,97.611809,9825.4504,2.501,1,,,,0.00012886326,200.46951,25828.676,0.052928207,0
12968199.16,,5905,,159.193,-0.08,9.2E-6,160.71945,3.2882601,8.5046404,0.00693,4124.847,2.693,12629.487,6.93,0.17916452,99.065203,0.52557766,97.592567,9826.4641,2.667,1,,,,0.00012892038,198.22091,25830.742,0.052916062,0
12969388.56,,5905,,167.825,-0.08,9.2E-6,169.32688,3.3793829,8.7495483,0.01188,4460.7668,2.854,13210.315,11.88,0.082281785,99.930525,0.56953415,97.45897,10255.217,4.636,1,,,,0.00013371575,198.13041,28671.592,0.05167253,0
12970112.95,,5905,,167.822,-0.08,9.2E-6,169.43065,3.4944907,8.7458151,0.006551,4465.0364,2.856,13210.851,6.551,0.43298435,98.841624,0.54491085,97.542987,10262.961,2.561,1,,,,0.00013514054,199.86105,28706.744,0.05161885,0
12970836.36,,5905,,167.825,-0.08,9.2E-6,169.43599,3.474139,8.7423206,0.007018,4465.2821,2.856,13207.603,7.018,0.21179281,98.72852,0.5386608,97.568696,10264.652,2.745,1,,,,0.00013524562,197.68325,28708.556,0.051596597,0
12972035.94,,5905,,176.926,-0.08,9.2E-6,178.51952,3.5750323,8.979452,0.01154,4820.5385,3.023,13799.991,11.54,0.11116239,99.234085,0.5737508,97.465502,10718.892,4.588,1,,,,0.00014060512,197.45704,31869.218,0.050299554,0
12972761.61,,5905,,176.924,-0.08,9.3E-6,178.62912,3.6896529,8.9778995,0.007059,4825.0277,3.025,13802.927,7.059,0.40287325,98.256521,0.55046518,97.544766,10726.092,2.81,1,,,,0.00014198291,198.46817,31908.363,0.050259999,0
12973480.69,,5905,,176.926,-0.08,9.3E-6,178.63779,3.669772,8.959451,0.007428,4825.3586,3.025,13784.81,7.428,0.13271879,97.805025,0.54122115,97.576373,10733.969,2.965,1,,,,0.00014242889,196.51304,31911.46,0.050154287,0
12974679.69,,5905,,186.521,-0.08,9.2E-6,188.20078,3.7804314,9.1819526,0.01186,5188.9022,3.171,14370.855,11.86,0.076738184,98.107496,0.58060641,97.446136,11216.496,4.825,1,,,,0.00014805731,195.61005,35419.533,0.04878807,0
12975397.91,,5905,,186.52,-0.08,9.2E-6,188.31879,3.8946714,9.1848076,0.006985,5193.4203,3.172,14378.228,6.985,0.31628846,97.112051,0.54764476,97.566342,11222.367,2.843,1,,,,0.00014957378,196.21499,35463.969,0.048772655,0
12976103.92,,5905,,186.52,-0.08,9.2E-6,188.32438,3.872834,9.1854418,0.007905,5193.6822,3.172,14379.124,7.905,0.13968102,97.023466,0.54666038,97.568477,11222.441,3.218,1,,,,0.00014971833,194.2241,35466.071,0.048774577,0
12977168.09,,5905,,196.633,-0.08,9.2E-6,198.36066,3.9054401,9.3974398,0.01478,5547.4542,3.208,14944.894,14.78,0.065943252,97.037366,0.57888528,97.457163,11730.95,6.143,1,,,,0.00015561026,194.04693,39346.95,0.047375523,0
12977873.66,,5905,,196.634,-0.08,9.2E-6,198.54161,4.1213481,9.3899977,0.006599,5554.2072,3.209,14944.205,6.599,0.76239391,95.725034,0.54161032,97.588986,11744.752,2.75,1,,,,0.00015764746,194.07473,39418.77,0.047294861,0
12978575.86,,5905,,196.633,-0.08,9.2E-6,198.54678,4.0920264,9.3845392,0.007094,5554.4865,3.209,14939.026,7.094,0.22197302,95.605454,0.53617887,97.610488,11747.335,2.959,1,,,,0.00015777514,191.45007,39420.825,0.047266136,0
12979640.52,,5905,,207.293,-0.08,9.2E-6,209.12541,4.1356397,9.5990487,0.01499,5924.4334,3.399,15523.482,14.99,0.078842709,95.54555,0.58389121,97.425555,12280.373,6.384,1,,,,0.00016412386,191.21091,43733.436,0.045900921,0
12980339.03,,5905,,207.294,-0.08,9.2E-6,209.3155,4.3566877,9.602261,0.007397,5932.0361,3.41,15534.297,7.397,0.70042256,94.346063,0.54523447,97.565266,12290.165,3.154,1,,,,0.00016623148,191.0911,43812.978,0.045874582,0
12981028.23,,5905,,207.293,-0.08,9.2E-6,209.32284,4.3276722,9.5964709,0.007851,5932.2794,3.411,15528.75,7.851,0.21087416,93.958451,0.52823933,97.631462,12293.067,3.35,1,,,,0.00016681249,188.69213,43816.053,0.045845311,0
12982070.86,,5905,,218.538,-0.08,9.2E-6,220.45909,4.3535064,9.811554,0.01758,6365.705,4.351,16177.259,17.58,0.089121077,93.905817,0.61071318,97.293827,12851.769,7.665,1,,,,0.00017404534,187.9169,48602.21,0.044505101,0
12982753.69,,5905,,218.537,-0.08,9.2E-6,220.66777,4.5925205,9.8179254,0.008265,6374.3869,4.359,16192.312,8.265,1.0369978,92.700639,0.56118192,97.48022,12861.151,3.607,1,,,,0.0001763433,187.81163,48694.264,0.044491887,0
12983428.92,,5905,,218.537,-0.08,9.2E-6,220.68161,4.5619767,9.807589,0.008426,6375.0048,4.359,16182.594,8.426,0.34093987,92.359915,0.54718013,97.534336,12866.475,3.683,1,,,,0.00017684903,185.40128,48700.371,0.044442259,0
12984466.42,,5905,,230.387,-0.08,9.2E-6,232.42036,4.6114422,10.023137,0.01601,6786.3938,3.895,16809.531,16.01,0.099297862,91.956663,0.6204003,97.219274,13453.041,7.157,1,,,,0.00018467014,184.71983,54019.222,0.04312504,0
12985138.19,,5905,,230.387,-0.08,9.2E-6,232.6314,4.8558391,10.018605,0.00778,6794.0026,3.893,16812.608,7.78,0.99540505,90.791363,0.57728452,97.379023,13467.287,3.484,1,,,,0.00018695976,183.91333,54117.369,0.043066435,0
12985798.03,,5905,,230.389,-0.08,9.2E-6,232.64521,4.82545,10.009416,0.008544,6794.4743,3.892,16803.891,8.544,0.24241431,90.529938,0.56780361,97.414896,13472.206,3.831,1,,,,0.00018737579,181.58273,54123.795,0.043024381,0
12986815.64,,5905,,242.877,-0.08,9.2E-6,245.03309,4.9014053,10.207005,0.01646,7165.5057,4.118,17372.51,16.46,0.10078915,89.718803,0.64934015,97.04005,14097.415,7.57,1,,,,0.00019568675,181.05988,60041.213,0.041655618,0
12987471.78,,5905,,242.875,-0.08,9.3E-6,245.26165,5.1520206,10.191722,0.008018,7172.1352,4.119,17363.857,8.018,0.62330753,88.309075,0.59484292,97.244793,14117.614,3.7,1,,,,0.00019855836,179.43761,60153.279,0.041554486,0
12988122.67,,5905,,242.879,-0.08,9.2E-6,245.26756,5.11056,10.193977,0.008739,7172.4248,4.119,17366.402,8.739,0.23953458,88.341787,0.5927944,97.255119,14116.913,4.032,1,,,,0.00019850672,176.61815,60156.174,0.041562682,0
12989129.34,,5905,,256.05,-0.08,9.2E-6,258.34275,5.2032884,10.414566,0.01971,7541.7162,4.322,17956.282,19.71,0.10018017,87.011272,0.69753609,96.743181,14763.752,9.3,1,,,,0.00020872344,176.68357,66740.978,0.040312978,0
12989767.13,,5905,,256.049,-0.08,9.2E-6,258.56565,5.4505525,10.380477,0.008312,7549.1546,4.334,17929.632,8.312,0.70833659,85.758523,0.63902704,96.972886,14792.647,3.946,1,,,,0.00021127531,174.02254,66856.194,0.040146389,0
12990396.03,,5905,,256.048,-0.08,9.3E-6,258.57468,5.4069417,10.377732,0.009306,7549.547,4.334,17927.279,9.306,0.26445127,85.547456,0.63371699,96.990632,14794.468,4.42,1,,,,0.00021175476,171.51705,66860.866,0.040134372,0
12991376.89,,5905,,269.929,-0.08,9.3E-6,272.32098,5.4810404,10.65023,0.02141,7960.898,5.672,18611.128,21.41,0.12640405,84.394022,0.77267914,96.305905,15446.933,10.34,1,,,,0.0002233226,171.09491,74158.718,0.039109106,0
12991993.61,,5905,,269.931,-0.08,9.2E-6,272.57751,5.747859,10.579615,0.01043,7969.303,5.723,18548.918,10.43,0.78028495,82.753084,0.70800192,96.549559,15495.808,5.087,1,,,,0.00022677643,168.78804,74298.499,0.038813237,0
12992602.38,,5905,,269.932,-0.08,9.2E-6,272.58147,5.686336,10.591123,0.01159,7969.6223,5.725,18560.745,11.59,0.27428647,82.660814,0.69857625,96.590654,15490.419,5.645,1,,,,0.00022714392,165.50617,74300.657,0.038854889,0
12993645.94,,5905,,284.565,-0.08,9.2E-6,287.09355,5.7730642,10.848135,0.02018,8405.5209,7.657,19253.656,20.18,0.18245708,81.028074,0.84255403,95.834946,16185.244,10.02,1,,,,0.0002409304,165.32163,82422.708,0.037786062,0
12994239.84,,5905,,284.572,-0.08,9.2E-6,287.33576,6.0294212,10.808149,0.01313,8412.7721,7.649,19220.921,13.13,3.8224211,79.93466,0.80141903,95.984731,16218.851,6.56,1,,,,0.00024367113,162.05615,82561.842,0.03761505,0
12994830.92,,5905,,284.566,-0.08,9.2E-6,287.34216,5.9909714,10.801403,0.01344,8412.9731,7.649,19214.376,13.44,0.47793108,79.757168,0.77467309,96.108773,16222.587,6.723,1,,,,0.00024402398,159.86932,82565.515,0.037590736,0
12995852.53,,5905,,299.998,-0.08,9.2E-6,302.67878,6.1802734,10.988913,0.01881,8542.2766,3.466,19531.19,18.81,0.1054516,77.02005,0.81119362,95.784097,16990.698,9.685,1,,,,0.00025715718,159.51434,91614.443,0.036305529,0
12996421.25,,5905,,300,-0.08,9.2E-6,302.92904,6.4046194,10.987262,0.008353,8537.887,3.307,19525.148,8.353,1.0040689,76.191509,0.75559149,96.026785,17005.598,4.307,1,,,,0.00025965577,154.0401,91766.002,0.036270084,0
12996982.36,,5905,,300,-0.08,9.2E-6,302.96265,6.3768499,10.961713,0.007705,8537.4088,3.291,19499.122,7.705,0.3044638,75.810274,0.72896438,96.147187,17020.688,3.986,1,,,,0.0002604988,152.38302,91786.364,0.036181731,0
