[Header]
TITLE,Eu2O3 LP_GA Puck 225 08-01-26.dat
BYAPP,HeatCapacity,3.9.11,1.7
INFO,1000,MASS:Sample Mass (mg)
INFO,,MASSERR:Sample Mass Error (mg)
INFO,1,MOLWGHT:Formula Weight (g/mole)
INFO,1,ATOMS:Atoms per Formula Unit
INFO,PPMS Heat Capacity Option 3.9.11 Build 2,APPNAME
DATATYPE,TIME,1
DATATYPE,COMMENT,2
STARTUPAXIS, X, 8, LINEAR, AUTO
STARTUPAXIS, Y1, 10, LINEAR, AUTO
[Data]
Time Stamp (Seconds),Comment (),System Status (Code),Puck Temp (Kelvin),System Temp (Kelvin),Field (Oersted),Pressure (Torr),Sample Temp (Kelvin),Temp Rise (Kelvin),Samp HC (mJ/mole-K),Samp HC Err (mJ/mole-K),Addenda HC (µJ/K),Addenda HC Err (µJ/K),Total HC (µJ/K),Total HC Err (µJ/K),Fit Deviation (ChiSquare),Time Const tau1 (seconds),Time Const tau2 (seconds),Sample Coupling (Percent),Debye Temp (Kelvin),Debye Temp Err (Kelvin),Cal Correction (Factor),Therm Resist (Ohms),Htr Resist (Ohms),Puck Resist (Ohms),Wire Cond (W/K),Meas Time (seconds),Temp Squared (K^2),Samp HC/Temp (mJ/mole-K/K),Addenda Offset HC (µJ/K)
5744892.34,CALFILE: C:\QdPpms\HEATCA~1\TempCal\Standard\Puck225_4.cal|Addenda #7 measured on 7/31/2026 from 1.8162 to 302.56 K
5744892.48,,5905,,1.8005,0.033,9.2E-6,1.817691,0.040388827,0.00050961585,7.611E-6,0.20971319,0.002415,0.71932904,0.007611,1.927649,0.42774041,0.0010261364,98.838397,2840.0098,14,1,,,,1.6916393E-6,0.85028019,3.3040006,0.0002803644,0
5744918.72,,5905,,1.7993,0.033,9.3E-6,1.8172746,0.041081311,0.0005014045,7.314E-6,0.20960104,0.002413,0.71100555,0.007314,1.7218191,0.4262931,0.00068554278,99.226457,2854.7752,13.75,1,,,,1.6743562E-6,0.85548082,3.302487,0.00027591015,0
5744951.8,,5905,,1.8009,0.033,9.3E-6,1.817817,0.03953423,0.00050252208,1.049E-5,0.20980375,0.002417,0.71232583,0.01021,1.8692778,0.41925304,,,2853.5087,19.58,1,,,,1.6990356E-6,0.8525862,3.3044586,0.00027644262,0
5745089.39,,5905,,1.8806,0.033,9.2E-6,1.8952299,0.04104245,0.00052838847,1.218E-5,0.22556664,0.002623,0.75395511,0.01189,1.9766983,0.43307334,,,2925.6668,22.14,1,,,,1.7409409E-6,0.83850609,3.5918963,0.00027879915,0
5745115.47,,5905,,1.8791,0.033,9.2E-6,1.8959055,0.043068732,0.00053077832,8.247E-6,0.22563362,0.002624,0.75641194,0.008247,2.2648701,0.4421998,0.0010977359,98.814153,2922.3106,14.98,1,,,,1.7206992E-6,0.86614669,3.5944576,0.00027996033,0
5745149.58,,5905,,1.8801,0.033,9.3E-6,1.8963167,0.042662352,0.00051711294,1.089E-5,0.22572028,0.002624,0.74283322,0.01057,2.1424318,0.42444421,,,2948.4685,20.41,1,,,,1.7501316E-6,0.88439959,3.596017,0.00027269334,0
5745280.14,,5905,,1.963,0.033,9.2E-6,1.976585,0.04354223,0.00057138112,8.908E-6,0.23608692,0.002559,0.80746805,0.008908,1.9650465,0.43303415,0.00056410945,99.37034,2972.7223,15.29,1,,,,1.8705993E-6,0.84888843,3.9068881,0.00028907491,0
5745305.73,,5905,,1.9626,0.033,9.2E-6,1.9769635,0.044603173,0.00056565772,8.981E-6,0.23613913,0.002558,0.80179684,0.008981,1.5647433,0.43966101,0.00065990596,99.277618,2983.2861,15.62,1,,,,1.830285E-6,0.8660683,3.9083846,0.00028612451,0
5745330.89,,5905,,1.9618,0.033,9.2E-6,1.9775317,0.044883998,0.00056114838,8.82E-6,0.23620754,0.002557,0.79735591,0.00882,1.9133209,0.43746682,0.0012291849,98.652322,2992.1156,15.51,1,,,,1.8350331E-6,0.87932203,3.9106315,0.00028376202,0
5745461.11,,5905,,2.0504,0.033,9.2E-6,2.0639523,0.046171095,0.00060850223,9.935E-6,0.24701061,0.002312,0.85551284,0.009935,1.4898064,0.43651655,0.00022453506,99.74952,3039.6684,16.37,1,,,,1.9623545E-6,0.87493364,4.259899,0.00029482379,0
5745486.63,,5905,,2.0513,0.033,9.2E-6,2.0632074,0.046005386,0.00060777853,9.822E-6,0.24686796,0.002314,0.85464648,0.009822,1.5886623,0.43138728,0.00010088962,99.886146,3039.7769,16.2,1,,,,1.9823006E-6,0.87303311,4.2568247,0.00029457946,0
5745512.33,,5905,,2.05,0.033,9.2E-6,2.0632213,0.045814155,0.00060318974,9.875E-6,0.24691749,0.002314,0.85010722,0.009875,1.5189707,0.43770556,0.0008924814,99.010517,3047.4864,16.45,1,,,,1.9519817E-6,0.86277456,4.2568823,0.00029235338,0
5745641.84,,5905,,2.1398,0.033,9.2E-6,2.1535087,0.0460777,0.00067940867,6.23E-6,0.27103797,0.002114,0.95044664,0.00623,1.8490495,0.45674985,0.0011619289,98.75162,3057.1516,9.288,1,,,,2.0943673E-6,0.87541111,4.6375998,0.00031548917,0
5745667.33,,5905,,2.1401,0.033,9.2E-6,2.1551001,0.047251395,0.00067451361,6.053E-6,0.27156273,0.002112,0.94607634,0.006053,2.0676853,0.45212676,0.0011452402,98.76192,3066.7938,9.119,1,,,,2.1058703E-6,0.91349969,4.6444564,0.00031298482,0
5745692.88,,5905,,2.1422,0.033,9.2E-6,2.1541217,0.0469797,0.00066931363,5.997E-6,0.27118626,0.002114,0.94049989,0.005997,1.6771259,0.44473592,0.001075012,98.821782,3073.3194,9.124,1,,,,2.1275384E-6,0.90425352,4.6402402,0.00031071301,0
5745821.48,,5905,,2.2354,0.033,9.2E-6,2.2476833,0.047008276,0.00073015856,6.748E-6,0.30660793,0.00208,1.0367665,0.006748,1.9503169,0.46423687,0.0012844585,98.671594,3115.1345,9.538,1,,,,2.2482247E-6,0.88947184,5.0520802,0.0003248494,0
5745847.81,,5905,,2.2354,0.033,9.2E-6,2.2482919,0.048277871,0.00072599367,6.671E-6,0.30674892,0.00208,1.0327426,0.006671,1.785056,0.45441755,0.00067185393,99.291953,3121.9252,9.504,1,,,,2.2806939E-6,0.92847375,5.0548166,0.00032290899,0
5745874.23,,5905,,2.2326,0.033,9.2E-6,2.2477847,0.047787349,0.00072843597,6.766E-6,0.30664399,0.00208,1.03508,0.006766,1.5385792,0.46438039,0.0011841891,98.776938,3117.7287,9.593,1,,,,2.2426524E-6,0.90883511,5.0525361,0.00032406839,0
5746003.3,,5905,,2.3342,0.033,9.2E-6,2.3453332,0.049454249,0.00079178235,7.65E-6,0.33602555,0.002196,1.1278079,0.00765,1.2403309,0.48691311,0.0016760151,98.354603,3163.8561,10.12,1,,,,2.3354057E-6,0.92876077,5.5005879,0.00033759909,0
5746030.28,,5905,,2.3352,0.033,9.2E-6,2.3468059,0.050976597,0.0007796064,7.141E-6,0.33631533,0.002199,1.1159217,0.007141,1.6638977,0.46953948,0.00085249612,99.137834,3182.2391,9.657,1,,,,2.3867364E-6,0.97382621,5.5074977,0.00033219893,0
5746055.84,,5905,,2.3346,0.033,9.2E-6,2.3457327,0.04936796,0.00079412148,7.595E-6,0.3360957,0.002197,1.1302172,0.007595,2.3068084,0.47982841,0.0016341417,98.370174,3161.2851,10.01,1,,,,2.3747941E-6,0.93907897,5.502462,0.00033853877,0
5746190.05,,5905,,2.4382,0.033,9.2E-6,2.4476568,0.052464862,0.00081831949,8.138E-6,0.36053957,0.002519,1.1788591,0.008138,1.4307294,0.47271277,0.0011637928,98.840771,3265.8057,10.75,1,,,,2.5079454E-6,0.95965682,5.9910236,0.00033432771,0
5746215.81,,5905,,2.4371,0.033,9.2E-6,2.4479053,0.051091686,0.00083347475,8.311E-6,0.36054752,0.002519,1.1940223,0.008311,1.9949431,0.46593811,0.00097882707,99.003547,3246.219,10.72,1,,,,2.575214E-6,0.94542553,5.9922403,0.00034048488,0
5746241.58,,5905,,2.4384,0.033,9.2E-6,2.4476897,0.050751038,0.00083740757,8.549E-6,0.36047035,0.002518,1.1978779,0.008549,1.2785359,0.46366661,0.00026910693,99.724125,3240.8437,10.95,1,,,,2.5869845E-6,0.93187622,5.9911848,0.00034212162,0
5746374.7,,5905,,2.5461,0.033,9.2E-6,2.5517552,0.05339954,0.00087594121,9.359E-6,0.38842795,0.002525,1.2643692,0.009359,1.9872324,0.49574333,0.0015011714,98.577911,3328.343,11.77,1,,,,2.5681642E-6,0.92733322,6.5114547,0.00034327008,0
5746401.59,,5905,,2.545,0.033,9.2E-6,2.5529254,0.055941223,0.00085944562,8.769E-6,0.38868668,0.002521,1.2481323,0.008769,1.5705024,0.4827219,0.00080348544,99.224072,3351.0381,11.32,1,,,,2.5952166E-6,0.99148666,6.517428,0.00033665129,0
5746443.75,,5905,,2.5462,0.033,9.2E-6,2.5527973,0.053526205,0.00085961787,1.303E-5,0.38874755,0.00252,1.2483654,0.01278,1.4570746,0.47655398,,,3350.6462,16.76,1,,,,2.6195677E-6,0.9654438,6.5167742,0.00033673565,0
5746576.38,,5905,,2.6582,0.033,9.2E-6,2.6662435,0.054528798,0.00095943596,5.687E-6,0.42888405,0.001571,1.38832,0.005687,1.1616743,0.49409833,0.00090438229,99.142944,3373.7149,6.64,1,,,,2.821427E-6,0.95310796,7.1088546,0.00035984558,0
5746602.02,,5905,,2.6565,0.033,9.2E-6,2.6690357,0.056069192,0.00093368642,6.019E-6,0.42984449,0.001554,1.3635309,0.006019,0.42537966,0.47571623,0.00043731415,99.574253,3408.0145,7.294,1,,,,2.8720212E-6,0.98819665,7.1237515,0.00034982163,0
5746645.7,,5905,,2.6574,0.033,9.2E-6,2.6668732,0.055318657,0.00092318842,8.112E-6,0.42943429,0.001562,1.3526227,0.007961,0.91242505,0.50838996,,,3418.1122,9.954,1,,,,2.6606008E-6,0.95143245,7.1122128,0.00034616884,0
5746779.09,,5905,,2.7717,0.033,9.3E-6,2.7844652,0.059191299,0.0010130001,5.88E-6,0.47564456,0.001653,1.4886447,0.00588,1.7418584,0.52054328,4.0742839E-7,99.99964,3460.078,6.669,1,,,,2.8597952E-6,1.0167799,7.7532465,0.0003638042,0
5746806.5,,5905,,2.7743,0.033,9.2E-6,2.7837887,0.058948146,0.0010252884,6.765E-6,0.47534815,0.001648,1.5006366,0.006765,0.33374578,0.50530775,0.0009906855,99.094628,3445.3619,7.545,1,,,,2.9824387E-6,1.0410866,7.7494795,0.00036830684,0
5746833.89,,5905,,2.7776,0.033,9.2E-6,2.7836272,0.05822502,0.0010243807,6.56E-6,0.47539196,0.001649,1.4997727,0.00656,0.45353893,0.51730556,0.0015572477,98.610752,3446.1793,7.325,1,,,,2.9183135E-6,1.0106155,7.7485804,0.00036800212,0
5746989.72,,5905,,2.9019,0.033,9.2E-6,2.9032994,0.058821881,0.0011227073,9.951E-6,0.5258928,0.002325,1.6486001,0.009675,0.53112183,0.53398212,,,3486.1838,10.24,1,,,,3.0873695E-6,1.0346111,8.4291473,0.00038670049,0
5747015.55,,5905,,2.8948,0.033,9.2E-6,2.9049325,0.060442947,0.0011222598,8.255E-6,0.52639304,0.002329,1.6486528,0.008255,0.24441159,0.52219225,0.0012212938,98.924715,3488.6083,8.512,1,,,,3.1731152E-6,1.0679642,8.4386326,0.00038632904,0
5747041.33,,5905,,2.8986,0.033,9.2E-6,2.9047778,0.061357475,0.0011162433,7.194E-6,0.5265629,0.00233,1.6428062,0.007194,0.99790047,0.55842067,0.0015239728,98.748038,3494.6788,7.476,1,,,,2.9591466E-6,1.0443845,8.437734,0.00038427838,0
5747173,,5905,,3.0215,0.033,9.3E-6,3.0333578,0.063969179,0.0011841485,7.889E-6,0.58895492,0.002786,1.7731034,0.007889,1.0248232,0.53500887,0.001356234,98.858592,3578.2354,7.911,1,,,,3.3312671E-6,1.1168413,9.2012594,0.00039037548,0
5747197.7,,5905,,3.024,0.033,9.2E-6,3.0311934,0.060926173,0.0012397996,8.895E-6,0.58774553,0.002776,1.8275451,0.008895,0.51988071,0.54674746,0.0017700117,98.517781,3521.3607,8.381,1,,,,3.3657964E-6,1.0700177,9.1881336,0.00040901368,0
5747223.94,,5905,,3.0263,0.033,9.2E-6,3.031381,0.063327718,0.0011993649,7.749E-6,0.58796041,0.002778,1.7873253,0.007749,1.7808436,0.54772653,0.0014753231,98.781204,3560.7167,7.635,1,,,,3.28135E-6,1.0934949,9.189271,0.00039564967,0
5747354.78,,5905,,3.1598,0.033,9.2E-6,3.1668084,0.064902436,0.0012912645,9.053E-6,0.65813559,0.003311,1.9494001,0.009053,1.6533084,0.57254513,0.0019835961,98.453561,3629.3656,8.443,1,,,,3.4283444E-6,1.0954531,10.028676,0.00040774948,0
5747380.56,,5905,,3.1549,0.033,9.2E-6,3.1662952,0.064877437,0.0012916099,9.535E-6,0.65750661,0.003308,1.9491165,0.009535,0.58571975,0.52207536,0.00064680705,99.446143,3628.4539,8.885,1,,,,3.7425427E-6,1.1450903,10.025425,0.00040792467,0
5747407.09,,5905,,3.1578,0.033,9.2E-6,3.1644348,0.063154927,0.0013109861,9.79E-6,0.6569816,0.003305,1.9679677,0.00979,0.94117778,0.58663606,0.0019100949,98.538181,3608.3676,8.938,1,,,,3.3768231E-6,1.0441507,10.013647,0.00041428761,0
5747541.61,,5905,,3.3032,0.033,9.2E-6,3.3070612,0.068189171,0.0014486245,1.016E-5,0.72773219,0.003472,2.1763567,0.01016,1.1637985,0.60355147,0.0022015845,98.363973,3647.5836,8.49,1,,,,3.6325871E-6,1.1732721,10.936653,0.00043803982,0
5747568.7,,5905,,3.2951,0.033,9.2E-6,3.309638,0.070508781,0.0013958966,1.394E-5,0.7289502,0.003474,2.1248468,0.01394,0.10546171,0.57082121,0.00037978156,99.704904,3695.8206,12.22,1,,,,3.7271963E-6,1.2071029,10.953703,0.00042176715,0
5747594.95,,5905,,3.3011,0.033,9.2E-6,3.306483,0.066356349,0.0014612356,1.122E-5,0.72713928,0.00347,2.1883749,0.01122,0.55228628,0.58981583,0.0016702208,98.725348,3636.4253,9.256,1,,,,3.7316873E-6,1.1416424,10.93283,0.00044193046,0
5747731.44,,5905,,3.4413,0.033,9.2E-6,3.4553311,0.070644123,0.0015291136,1.256E-5,0.82155388,0.003689,2.3506675,0.01256,0.43037437,0.60719875,0.0012325929,99.108312,3743.0345,10.19,1,,,,3.8861E-6,1.1796317,11.939313,0.0004425375,0
5747758.03,,5905,,3.4484,0.033,9.2E-6,3.4558439,0.072460299,0.0015067188,1.266E-5,0.82198398,0.00369,2.3287027,0.01266,0.28521975,0.60374476,0.0012289906,99.109957,3762.0565,10.49,1,,,,3.8716285E-6,1.2143975,11.942857,0.00043599156,0
5747784.7,,5905,,3.4448,0.033,9.2E-6,3.4519473,0.072073766,0.001545038,1.121E-5,0.81989845,0.003685,2.3649364,0.01121,1.5063665,0.64052391,0.0023814183,98.36227,3726.4777,8.97,1,,,,3.7185277E-6,1.2074895,11.91594,0.00044758445,0
5747919.7,,5905,,3.5965,0.033,9.2E-6,3.6079139,0.075051534,0.0017366873,1.298E-5,0.92099768,0.004273,2.657685,0.01298,0.9564431,0.65600946,0.0013019767,99.124659,3745.9596,9.288,1,,,,4.0665977E-6,1.2810478,13.017043,0.00048135497,0
5747945.33,,5905,,3.5945,0.033,9.2E-6,3.6099087,0.074924151,0.0016962236,1.313E-5,0.92188943,0.004283,2.618113,0.01313,0.71537032,0.59553036,0.00086040149,99.36733,3777.6001,9.697,1,,,,4.4080376E-6,1.3120189,13.031441,0.00046987992,0
5747972.28,,5905,,3.6005,0.033,9.2E-6,3.6054791,0.070290732,0.0017318632,1.307E-5,0.91861502,0.004248,2.6504782,0.01307,1.5739165,0.62342465,0.0017132976,98.788551,3746.9041,9.378,1,,,,4.2738026E-6,1.1910607,12.999479,0.00048034205,0
5748107.59,,5905,,3.7578,0.033,9.2E-6,3.7660086,0.07496226,0.0018566012,1.541E-5,1.0439794,0.004774,2.9005806,0.01541,0.68753392,0.66417473,0.0016502286,98.923549,3824.0412,10.52,1,,,,4.3867137E-6,1.2468493,14.182821,0.00049298911,0
5748134.8,,5905,,3.7597,0.033,9.2E-6,3.7679154,0.078248879,0.0018544649,1.635E-5,1.045772,0.004753,2.9002368,0.01635,0.35305182,0.66820377,0.0017101036,98.892188,3827.4461,11.19,1,,,,4.3602784E-6,1.3283495,14.197187,0.00049217264,0
5748161.08,,5905,,3.753,0.033,9.2E-6,3.768613,0.077556991,0.0019241533,1.566E-5,1.0466258,0.004742,2.9707791,0.01566,1.0491518,0.70242458,0.0025820888,98.393065,3781.3696,10.21,1,,,,4.258405E-6,1.3364075,14.202444,0.00051057333,0
5748301.11,,5905,,3.9226,0.033,9.2E-6,3.9347373,0.080334426,0.0021008924,1.014E-5,1.1734834,0.003314,3.2743757,0.01014,0.35264538,0.67925802,0.001067152,99.317581,3834.087,6.151,1,,,,4.8341753E-6,1.4048492,15.482158,0.00053393459,0
5748327.75,,5905,,3.9207,0.033,9.2E-6,3.9364928,0.078876816,0.0021013128,1.262E-5,1.1748195,0.003319,3.2761323,0.01262,0.15728311,0.68503861,0.00093448971,99.407525,3835.5416,7.649,1,,,,4.7941475E-6,1.358516,15.495976,0.0005338033,0
5748353.36,,5905,,3.9179,0.033,9.2E-6,3.9341134,0.078363838,0.002140279,1.444E-5,1.1732398,0.003313,3.3135187,0.01444,0.12267663,0.70563545,0.0025241417,98.439833,3809.818,8.532,1,,,,4.7269569E-6,1.3700772,15.477248,0.00054403084,0
5748494.92,,5905,,4.0926,0.033,9.3E-6,4.1103194,0.08149745,0.0022923871,1.306E-5,1.3446855,0.003953,3.6370725,0.01306,0.24879131,0.71241247,0.0014682511,99.117149,3890.3954,7.357,1,,,,5.1233925E-6,1.4112709,16.894726,0.00055771507,0
5748520.72,,5905,,4.0973,0.033,9.2E-6,4.1123265,0.080637066,0.0023323258,1.451E-5,1.3466375,0.00395,3.6789632,0.01451,0.1752512,0.70011899,0.001716677,98.945503,3869.9498,7.995,1,,,,5.2773318E-6,1.4248249,16.911229,0.00056715482,0
5748546.38,,5905,,4.091,0.033,9.2E-6,4.1086723,0.08028399,0.0023425979,1.149E-5,1.3433129,0.003955,3.6859108,0.01149,1.7705041,0.73772941,0.0028435247,98.341059,3860.8513,6.294,1,,,,5.0304683E-6,1.400238,16.881188,0.00057015933,0
5748687.02,,5905,,4.2741,0.033,9.3E-6,4.2898727,0.084422324,0.0026082142,1.851E-5,1.5061622,0.005133,4.1143764,0.01851,0.13031962,0.7693978,0.0014430141,99.193073,3889.3541,9.159,1,,,,5.3650428E-6,1.4754588,18.403008,0.00060799337,0
5748713.06,,5905,,4.28,0.033,9.2E-6,4.2922957,0.085691951,0.0026533897,1.312E-5,1.5083532,0.005166,4.1617429,0.01312,0.60702801,0.76907738,0.0016694761,99.062205,3869.339,6.358,1,,,,5.432214E-6,1.5387956,18.423802,0.00061817495,0
5748739.7,,5905,,4.2731,0.033,9.2E-6,4.2920982,0.086051642,0.0025791564,1.375E-5,1.5081943,0.005163,4.0873507,0.01375,0.34596914,0.74565568,0.0024733558,98.579407,3905.9312,6.918,1,,,,5.5131104E-6,1.5381548,18.422107,0.00060090805,0
5748886.41,,5905,,4.4639,0.033,9.2E-6,4.4792922,0.086064802,0.0028661794,1.779E-5,1.7236579,0.00525,4.5898373,0.01779,0.28415212,0.83951605,0.0024700108,98.748775,3935.4019,8.111,1,,,,5.4943357E-6,1.4913114,20.064059,0.00063987327,0
5748914.52,,5905,,4.4608,0.033,9.2E-6,4.4827388,0.093372172,0.0028878993,1.267E-5,1.7221821,0.005253,4.6100813,0.01267,0.52577372,0.84582901,0.0049622128,97.505943,3928.5314,5.73,1,,,,5.5054041E-6,1.6790321,20.094947,0.00064422653,0
5748942.88,,5905,,4.46,0.033,9.2E-6,4.485137,0.094692634,0.0028059556,1.219E-5,1.7244948,0.005249,4.5304504,0.01219,2.0260368,0.82248161,0.0034742521,98.215511,3968.5294,5.73,1,,,,5.5468244E-6,1.691658,20.116454,0.00062561201,0
5749087.77,,5905,,4.6739,0.033,9.2E-6,4.6776643,0.094281645,0.0032524396,1.639E-5,1.892972,0.005447,5.1454116,0.01639,0.57058804,0.89211268,0.0044836895,97.847752,3940.0956,6.597,1,,,,5.8186181E-6,1.6449632,21.880544,0.00069531273,0
5749119.52,,5905,,4.6608,0.033,9.2E-6,4.6814213,0.098135604,0.0032427489,1.288E-5,1.8977778,0.005397,5.1405266,0.01288,1.1403102,0.8815907,0.0035689999,98.267619,3947.1843,5.212,1,,,,5.8720406E-6,1.7842254,21.915706,0.00069268469,0
5749171.22,,5905,,4.6586,0.033,9.2E-6,4.6819121,0.094048747,0.0031906414,2.187E-5,1.8980164,0.005394,5.0886578,0.0212,0.82768062,0.81534635,,,3968.9721,9.029,1,,,,6.2410996E-6,1.7631814,21.920301,0.00068148254,0
5749315.66,,5905,,4.8716,0.033,9.2E-6,4.8885808,0.095304346,0.0034900064,1.707E-5,2.1678212,0.005682,5.6578276,0.01707,0.71762698,0.87517851,0.00071027782,99.656895,4022.1181,6.537,1,,,,6.4732456E-6,1.6306927,23.898222,0.00071390995,0
5749373.78,,5905,,4.8709,0.033,9.2E-6,4.8890699,0.09693598,0.0034306138,2.809E-5,2.1696773,0.00572,5.6002911,0.0275,2.3686791,0.85765446,,,4045.6013,10.98,1,,,,6.5297755E-6,1.750357,23.903005,0.00070169048,0
5749403.14,,5905,,4.8649,0.033,9.3E-6,4.8883573,0.099467125,0.0034536114,1.21E-5,2.1688477,0.005703,5.6224591,0.0121,0.60557805,0.91432611,0.0031642363,98.54456,4036.013,4.703,1,,,,6.18368E-6,1.7153089,23.896037,0.00070649734,0
5749547.7,,5905,,5.0824,0.033,9.2E-6,5.1057115,0.10228198,0.003897893,1.374E-5,2.4732855,0.007061,6.3711785,0.01374,0.38240656,0.94130426,0.0025451331,98.864747,4048.807,4.748,1,,,,6.7976286E-6,1.8286522,26.06829,0.00076343777,0
5749578.08,,5905,,5.0798,0.033,9.2E-6,5.1075275,0.10320323,0.0039204311,2.912E-5,2.4772355,0.007064,6.3976666,0.02826,0.053377842,0.96005031,,,4042.4707,9.961,1,,,,6.6638868E-6,1.8826085,26.086837,0.00076757904,0
5749606.13,,5905,,5.0851,0.033,9.2E-6,5.1066841,0.1051937,0.003874978,2.713E-5,2.4742312,0.007061,6.3492092,0.02713,0.075460658,0.92176664,0.00049034502,99.776456,4057.5451,9.426,1,,,,6.8938387E-6,1.9201006,26.078222,0.00075880512,0
5749749.53,,5905,,5.3138,0.033,9.2E-6,5.3312135,0.10343625,0.0044223951,2.345E-5,2.7970531,0.007586,7.2194482,0.02345,0.0765993,0.98793008,0.00034142697,99.854433,4053.4148,7.138,1,,,,7.3116498E-6,1.8435333,28.421837,0.00082952879,0
5749779.06,,5905,,5.3086,0.033,9.2E-6,5.3316496,0.10665567,0.004376522,1.685E-5,2.7985208,0.00758,7.1750428,0.01685,0.40962906,0.96724234,0.0019399422,99.158762,4067.8605,5.208,1,,,,7.4415022E-6,1.9758602,28.426488,0.00082085701,0
5749830.89,,5905,,5.3132,0.033,9.2E-6,5.3333021,0.10318732,0.0042968909,4.653E-5,2.802207,0.007567,7.099098,0.04591,0.11173753,0.9286549,,,4094.1035,14.67,1,,,,7.6444952E-6,1.9344847,28.444111,0.00080567176,0
5749978.61,,5905,,5.5429,0.033,9.2E-6,5.5667067,0.10301629,0.0050590985,1.621E-5,3.1695839,0.006434,8.2286825,0.01621,0.10304504,1.0327903,0.00051797141,99.788332,4046.8888,4.313,1,,,,7.9738196E-6,1.8573098,30.988223,0.00090881357,0
5750012.3,,5905,,5.5434,0.033,9.2E-6,5.5702023,0.10988706,0.0050881249,1.507E-5,3.176996,0.006463,8.2651209,0.01507,0.18072297,1.0609919,0.0010673404,99.575311,4041.715,3.981,1,,,,7.8025984E-6,2.0655806,31.027153,0.00091345424,0
5750040.63,,5905,,5.5476,0.033,9.2E-6,5.5708687,0.11032433,0.0050128124,1.166E-5,3.1780777,0.006468,8.1908902,0.01166,0.44460166,1.0281209,0.0028228736,98.847014,4062.3413,3.146,1,,,,8.001757E-6,2.1219838,31.034578,0.00089982599,0
5750188.25,,5905,,5.7878,0.033,9.2E-6,5.8132335,0.10867169,0.0057431959,1.361E-5,3.6201699,0.00692,9.3633657,0.01361,0.5610543,1.1025989,0.0014727466,99.437541,4051.1715,3.195,1,,,,8.5101829E-6,2.0562418,33.793684,0.00098795204,0
5750218.36,,5905,,5.7848,0.033,9.3E-6,5.8185743,0.11538771,0.0056475222,1.827E-5,3.6306623,0.006862,9.2781846,0.01827,1.6306973,1.1384922,0.0021380556,99.213147,4077.663,4.387,1,,,,8.1735292E-6,2.2051978,33.855807,0.0009706024,0
5750246.94,,5905,,5.7918,0.033,9.2E-6,5.8176771,0.11564364,0.0056265863,1.755E-5,3.62799,0.006877,9.2545763,0.01755,0.58708335,1.0739992,0.0011449399,99.553237,4082.0846,4.236,1,,,,8.6312397E-6,2.2769844,33.845367,0.00096715343,0
5750393.64,,5905,,6.0499,0.033,9.2E-6,6.0736047,0.11490703,0.0062048912,1.426E-5,3.9661263,0.006958,10.171017,0.01426,0.97366867,1.1585459,0.0033506922,98.787946,4124.9235,3.154,1,,,,8.8193275E-6,2.1479984,36.888674,0.0010216159,0
5750422.5,,5905,,6.0453,0.033,9.2E-6,6.0758646,0.12053573,0.0061658145,2.342E-5,3.9700335,0.006982,10.135848,0.02342,0.12829584,1.1425375,0.0023672611,99.132357,4135.1573,5.221,1,,,,8.9001408E-6,2.3170919,36.91613,0.0010148045,0
5750451.45,,5905,,6.0438,0.033,9.2E-6,6.0763987,0.12007466,0.0061956326,2.704E-5,3.9711362,0.006989,10.166769,0.02704,0.10556618,1.167337,0.0024018205,99.137507,4128.8757,5.988,1,,,,8.7375666E-6,2.285075,36.922622,0.0010196225,0
5750600.81,,5905,,6.312,0.033,9.2E-6,6.3404869,0.12466037,0.0068503761,1.853E-5,4.3598617,0.008857,11.210238,0.01853,1.2822061,1.237744,0.0018460371,99.373432,4166.4404,3.75,1,,,,9.0783485E-6,2.3346739,40.201774,0.001080418,0
5750631.08,,5905,,6.309,0.033,9.2E-6,6.3443129,0.12941001,0.006815034,2.645E-5,4.3668491,0.00885,11.181883,0.02645,0.22490391,1.2275455,0.0016933496,99.42129,4176.1487,5.388,1,,,,9.1288619E-6,2.4754881,40.250307,0.0010741958,0
5750662.16,,5905,,6.309,0.033,9.2E-6,6.3412435,0.12872892,0.0069488962,1.986E-5,4.3635305,0.008853,11.312427,0.01986,0.24057169,1.2970895,0.0044453619,98.558595,4147.1512,3.944,1,,,,8.7696871E-6,2.4550911,40.211369,0.0010958255,0
5750814.16,,5905,,6.5895,0.033,9.2E-6,6.6228825,0.13411398,0.0077438285,2.42E-5,4.8306162,0.009285,12.574445,0.0242,0.67061954,1.3342283,0.0027524057,99.12984,4177.7493,4.342,1,,,,9.4559481E-6,2.5941789,43.862573,0.0011692535,0
5750845.92,,5905,,6.5982,0.033,9.2E-6,6.6221284,0.13627354,0.0079878147,3.578E-5,4.8215276,0.009239,12.809342,0.03578,0.079069611,1.3777503,0.0040123253,98.762648,4134.3019,6.154,1,,,,9.3427177E-6,2.6684565,43.852585,0.0012062307,0
5750904.2,,5905,,6.5898,0.033,9.2E-6,6.6226004,0.13503447,0.0076411941,3.059E-5,4.8224101,0.009243,12.463604,0.02916,1.0618881,1.2672111,,,4196.1922,5.585,1,,,,9.8354599E-6,2.7555006,43.858836,0.0011538057,0
5751062.42,,5905,,6.8793,0.033,9.2E-6,6.9144051,0.13268444,0.0085947092,2.428E-5,5.4398054,0.01166,14.034515,0.02428,0.3349592,1.3932293,0.0024530958,99.259585,4212.6791,3.959,1,,,,1.01016E-5,2.5344222,47.808998,0.001243015,0
5751096.16,,5905,,6.8835,0.033,9.2E-6,6.9181182,0.14076422,0.0088380306,2.882E-5,5.4392918,0.01166,14.277322,0.02882,0.28390998,1.4303198,0.003258456,99.036151,4175.9002,4.529,1,,,,1.001922E-5,2.7864586,47.860359,0.0012775195,0
5751143.09,,5905,,6.8859,0.033,9.2E-6,6.9215646,0.14118439,0.0083852862,5.379E-5,5.4479925,0.01165,13.833279,0.05251,0.31793603,1.3419673,,,4251.8597,9.052,1,,,,1.0308208E-5,2.8606396,47.908057,0.0012114726,0
5751300.34,,5905,,7.1848,0.033,9.2E-6,7.2226359,0.13924779,0.0098520613,2.743E-5,6.1295307,0.01169,15.981592,0.02743,1.0946588,1.5149758,0.0033664417,99.062254,4204.6906,3.895,1,,,,1.0587109E-5,2.6839347,52.166469,0.0013640534,0
5751334.5,,5905,,7.1847,0.033,9.2E-6,7.2273184,0.14918125,0.0098368061,4.266E-5,6.1440641,0.01175,15.98087,0.04266,0.16636785,1.5368513,0.0048766011,98.663424,4209.5904,6.067,1,,,,1.0451992E-5,3.0299516,52.234131,0.0013610589,0
5751370.59,,5905,,7.1889,0.033,9.2E-6,7.226717,0.1518507,0.0095889092,3.193E-5,6.1415146,0.01173,15.730424,0.03193,0.82214147,1.4934937,0.0025504019,99.283776,4245.2048,4.701,1,,,,1.0560917E-5,3.0737027,52.225438,0.0013268693,0
5751525.92,,5905,,7.5068,0.033,9.2E-6,7.5441244,0.14829258,0.011144632,2.508E-5,6.8991616,0.01348,18.043794,0.02508,1.5764568,1.616481,0.0026604829,99.304217,4215.0402,3.157,1,,,,1.1192277E-5,2.9869873,56.913813,0.0014772599,0
5751563.08,,5905,,7.5124,0.033,9.2E-6,7.5480537,0.15508828,0.011193182,4.051E-5,6.9121387,0.01349,18.10532,0.04051,0.16195301,1.6469099,0.0053193783,98.635837,4211.1296,5.067,1,,,,1.1051811E-5,3.232962,56.973114,0.0014829229,0
5751598.81,,5905,,7.5015,0.033,9.2E-6,7.5488317,0.15592421,0.011041144,2.95E-5,6.9114787,0.01349,17.952623,0.0295,0.87949354,1.5666526,0.0025128074,99.323687,4230.8062,3.761,1,,,,1.1488785E-5,3.2938198,56.984861,0.0014626296,0
5751762.73,,5905,,7.8368,0.033,9.2E-6,7.8789102,0.15228578,0.012632407,4.527E-5,7.7386644,0.01718,20.371072,0.04527,0.22056535,1.73284,0.0053697408,98.68847,4221.9997,5.032,1,,,,1.1816152E-5,3.1333052,62.077226,0.0016033191,0
5751796.08,,5905,,7.8372,0.033,9.2E-6,7.8832892,0.16167628,0.012593115,3.614E-5,7.7518832,0.01724,20.344998,0.03614,1.4504789,1.7081677,0.0041338039,98.976309,4228.7352,4.037,1,,,,1.1957734E-5,3.46568,62.146249,0.0015974442,0
5751829.52,,5905,,7.8377,0.033,9.2E-6,7.8859929,0.15807499,0.012617378,4.037E-5,7.7556372,0.01726,20.373016,0.04037,0.18321862,1.6388908,0.0024706988,99.361511,4227.4721,4.499,1,,,,1.2461663E-5,3.4163354,62.188883,0.0015999734,0
5751989.89,,5905,,8.1878,0.033,9.2E-6,8.2298026,0.15634252,0.014291028,3.14E-5,8.6520031,0.01216,22.943032,0.0314,0.68582243,1.8279001,0.0051371239,98.806706,4232.3579,3.095,1,,,,1.2610559E-5,3.2777816,67.72965,0.0017364971,0
5752024.2,,5905,,8.1904,0.033,9.3E-6,8.2351036,0.16721443,0.014301225,2.983E-5,8.6680613,0.01223,22.969287,0.02983,2.7100525,1.8084536,0.004202071,99.013252,4234.0773,2.939,1,,,,1.2750248E-5,3.6558003,67.816932,0.0017366175,0
5752058.16,,5905,,8.1877,0.033,9.2E-6,8.2349598,0.16501569,0.014414267,3.155E-5,8.6668384,0.01222,23.081106,0.03155,1.371827,1.7998357,0.0041655028,99.015157,4222.9061,3.076,1,,,,1.2873869E-5,3.6169072,67.814563,0.0017503749,0
5752221.78,,5905,,8.5473,0.033,9.3E-6,8.5948562,0.16600211,0.016368518,3.576E-5,9.632133,0.01669,26.000651,0.03576,2.043305,1.9765013,0.0052121996,98.871861,4224.5745,3.072,1,,,,1.3214533E-5,3.5996714,73.871553,0.0019044551,0
5752257.33,,5905,,8.5543,0.033,9.2E-6,8.5994316,0.1734063,0.016352288,3.078E-5,9.6305061,0.01669,25.982794,0.03078,0.95945909,1.8680108,0.0026382694,99.395296,4228.2213,2.65,1,,,,1.3942903E-5,3.9530026,73.950223,0.0019015545,0
5752292.11,,5905,,8.543,0.033,9.2E-6,8.5965908,0.17045605,0.016445503,4.991E-5,9.6246274,0.01666,26.070131,0.04991,0.076299851,1.9496807,0.0042877606,99.057461,4218.8234,4.259,1,,,,1.3422229E-5,3.7360216,73.901374,0.0019130262,0
5752456.23,,5905,,8.9223,0.033,9.2E-6,8.9768874,0.17547369,0.018254623,3.931E-5,10.728855,0.01543,28.983479,0.03931,1.5366613,1.9926155,0.001984413,99.573221,4254.8309,3.05,1,,,,1.45702E-5,3.8993614,80.584507,0.0020335137,0
5752492.23,,5905,,8.9202,0.033,9.2E-6,8.9778456,0.17917228,0.018429911,4.651E-5,10.734702,0.01546,29.164614,0.04651,0.16728506,2.0582791,0.0028979181,99.395415,4241.7513,3.562,1,,,,1.4203882E-5,3.985231,80.601712,0.0020528211,0
5752528.08,,5905,,8.9216,0.033,9.2E-6,8.9793091,0.17934106,0.018550043,4.642E-5,10.737697,0.01548,29.287741,0.04642,0.12854577,1.9987252,0.003212606,99.308753,4233.2648,3.525,1,,,,1.4694193E-5,4.1165583,80.627992,0.0020658653,0
5752691.84,,5905,,9.3256,0.033,9.2E-6,9.3721081,0.18043724,0.020791369,4.096E-5,11.96534,0.01514,32.756709,0.04096,1.4940803,2.1907788,0.0042876458,99.157224,4253.6044,2.79,1,,,,1.5003383E-5,3.9974504,87.83641,0.0022184304,0
5752728.56,,5905,,9.3184,0.033,9.2E-6,9.3789801,0.18920616,0.020990656,5.002E-5,11.984629,0.01526,32.975285,0.05002,0.18556568,2.1683303,0.0039379846,99.21614,4243.2092,3.365,1,,,,1.5256459E-5,4.3815577,87.965268,0.0022380532,0
5752766.2,,5905,,9.3159,0.033,9.2E-6,9.3792276,0.18996523,0.020906547,4.934E-5,11.98697,0.01527,32.893516,0.04934,0.43662993,2.2221803,0.0050886276,99.013172,4249.004,3.337,1,,,,1.4862096E-5,4.3366606,87.969909,0.0022290265,0
5752938.59,,5905,,9.7313,0.033,9.2E-6,9.7914294,0.19173717,0.024009753,4.748E-5,13.318966,0.01605,37.328718,0.04748,0.70534447,2.3531037,0.0044644195,99.17445,4235.7567,2.788,1,,,,1.5918344E-5,4.4443606,95.87209,0.0024521193,0
5752978.47,,5905,,9.731,0.033,9.2E-6,9.7949843,0.1997396,0.023892336,5.182E-5,13.319546,0.01605,37.211881,0.05182,0.32079151,2.3558807,0.0050078237,99.076536,4244.2245,3.064,1,,,,1.5856139E-5,4.7062074,95.941717,0.0024392418,0
5753017,,5905,,9.7343,0.033,9.2E-6,9.7969334,0.19953945,0.023611701,5.4E-5,13.322277,0.01605,36.933978,0.054,0.37720887,2.2813418,0.001836978,99.651032,4261.821,3.244,1,,,,1.6212775E-5,4.7117614,95.979904,0.0024101114,0
5753189.16,,5905,,10.164,0.033,9.2E-6,10.229868,0.19638395,0.027265143,5.125E-5,14.813002,0.01043,42.078144,0.05125,4.0881636,2.5411787,0.0063135763,98.912663,4241.7805,2.655,1,,,,1.6635131E-5,4.5626835,104.65019,0.0026652488,0
5753229.48,,5905,,10.1617,0.033,9.2E-6,10.239442,0.21091865,0.02730148,5.347E-5,14.835273,0.01034,42.136753,0.05347,4.1925362,2.5290097,0.0046076523,99.202329,4243.8662,2.767,1,,,,1.671771E-5,5.0823573,104.84618,0.0026663054,0
5753269.34,,5905,,10.1621,0.033,9.3E-6,10.23991,0.20951474,0.027296794,5.133E-5,14.835868,0.01034,42.132662,0.05133,2.3677468,2.5084921,0.0046634259,99.186142,4244.303,2.657,1,,,,1.6853967E-5,5.0580193,104.85576,0.0026657259,0
5753445.97,,5905,,10.6121,0.033,9.2E-6,10.688687,0.20948955,0.031079628,5.746E-5,16.550688,0.01789,47.630316,0.05746,5.533417,2.7027408,0.005685902,99.073413,4242.741,2.611,1,,,,1.7693294E-5,5.0169843,114.24803,0.0029077125,0
5753486.84,,5905,,10.6113,0.033,9.2E-6,10.694359,0.2195971,0.031078845,6.161E-5,16.57952,0.01793,47.658366,0.06161,4.0476296,2.717945,0.0059788903,99.031705,4245.028,2.801,1,,,,1.7607776E-5,5.4054816,114.36931,0.0029060971,0
5753528.19,,5905,,10.6113,0.033,9.2E-6,10.695405,0.22049945,0.031122384,6.114E-5,16.584572,0.01794,47.706956,0.06114,6.6924463,2.7262044,0.0060020218,99.030576,4243.4628,2.775,1,,,,1.7572471E-5,5.43589,114.3917,0.0029098836,0
5753702.34,,5905,,11.0798,0.033,9.2E-6,11.165869,0.2204505,0.035382428,6.801E-5,18.516445,0.02078,53.898873,0.06801,3.2609959,2.9072526,0.0063377771,99.034606,4244.6722,2.716,1,,,,1.8617505E-5,5.4524089,124.67664,0.0031688019,0
5753745.91,,5905,,11.0799,0.033,9.2E-6,11.170153,0.23020842,0.035417842,6.911E-5,18.520599,0.02078,53.938441,0.06911,5.6758716,2.8963863,0.0049455987,99.243448,4244.8849,2.757,1,,,,1.8683984E-5,5.8145053,124.77232,0.003170757,0
5753789.06,,5905,,11.08,0.033,9.2E-6,11.168636,0.22914787,0.035431851,6.563E-5,18.513893,0.02077,53.945743,0.06563,9.517688,2.8897468,0.0049954729,99.233887,4243.7488,2.617,1,,,,1.8730264E-5,5.7927726,124.73842,0.0031724422,0
5753970.48,,5905,,11.5697,0.033,9.3E-6,11.660062,0.22970015,0.040474143,7.249E-5,20.494212,0.02364,60.968354,0.07249,4.0494762,3.1177436,0.0061768774,99.113079,4238.2733,2.527,1,,,,1.9632555E-5,5.7794936,135.95705,0.0034711773,0
5754014.08,,5905,,11.5701,0.033,9.2E-6,11.665674,0.24055157,0.04052183,7.668E-5,20.52139,0.02368,61.043219,0.07668,9.125021,3.12211,0.0062474926,99.104247,4238.6491,2.67,1,,,,1.9629942E-5,6.2354872,136.08795,0.0034735952,0
5754057.77,,5905,,11.57,0.033,9.2E-6,11.66545,0.24065835,0.040515759,7.542E-5,20.520442,0.02368,61.036202,0.07542,11.808609,3.1204012,0.0061678886,99.115196,4238.7792,2.627,1,,,,1.9637464E-5,6.24422,136.08271,0.0034731417,0
5754240.98,,5905,,12.0823,0.033,9.2E-6,12.178486,0.24092552,0.0462655,8.533E-5,22.617149,0.02675,68.882649,0.08533,11.393057,3.365779,0.0071194688,99.041713,4233.7149,2.6,1,,,,2.0555109E-5,6.2408023,148.31552,0.0037989534,0
5754285.44,,5905,,12.0821,0.033,9.2E-6,12.183569,0.25278353,0.046314211,8.696E-5,22.64342,0.02679,68.957631,0.08696,11.284035,3.3625943,0.0068252373,99.080449,4233.9965,2.647,1,,,,2.0593299E-5,6.731558,148.43935,0.0038013666,0
5754329.91,,5905,,12.0818,0.033,9.2E-6,12.183651,0.25270218,0.046315624,8.712E-5,22.643932,0.02679,68.959556,0.08712,10.688417,3.3658247,0.0070357701,99.053015,4233.9822,2.651,1,,,,2.0576704E-5,6.7251887,148.44136,0.0038014568,0
5754516.5,,5905,,12.6159,0.033,9.2E-6,12.717403,0.25314234,0.052628094,9.412E-5,24.940249,0.03026,77.568342,0.09412,8.2643574,3.6203867,0.007791844,99.014144,4235.1945,2.522,1,,,,2.1523843E-5,6.7316493,161.73235,0.0041382735,0
5754563.72,,5905,,12.6161,0.033,9.3E-6,12.723187,0.26613591,0.052769754,0.0001017,24.95445,0.03028,77.724204,0.1017,14.49978,3.6190141,0.0068724677,99.129397,4233.3257,2.717,1,,,,2.1563734E-5,7.2407733,161.87949,0.0041475264,0
5754611.14,,5905,,12.616,0.033,9.2E-6,12.723509,0.26579738,0.052786052,0.0001007,24.955745,0.03028,77.741797,0.1007,18.093307,3.6201813,0.0068324212,99.134665,4232.9971,2.689,1,,,,2.1561143E-5,7.2380282,161.88768,0.0041487023,0
5754802.33,,5905,,13.175,0.033,9.2E-6,13.277788,0.26616149,0.060077629,0.0001172,27.557296,0.03441,87.634926,0.1172,11.868128,3.9053666,0.0077682356,99.077767,4230.927,2.75,1,,,,2.2537976E-5,7.2403626,176.29966,0.0045246715,0
5754849.91,,5905,,13.1743,0.033,9.2E-6,13.285683,0.27947244,0.060138615,0.000118,27.60368,0.03448,87.742295,0.118,11.842159,3.9109726,0.0078473398,99.069948,4232.0114,2.766,1,,,,2.2534045E-5,7.8107332,176.50939,0.0045265729,0
5754898.06,,5905,,13.1741,0.033,9.2E-6,13.286632,0.2794967,0.060125757,0.0001168,27.607515,0.03449,87.733272,0.1168,10.236006,3.8918751,0.007475003,99.109829,4232.6151,2.739,1,,,,2.2637952E-5,7.8219453,176.53459,0.0045252821,0
5755093.75,,5905,,13.7564,0.033,9.2E-6,13.869384,0.27744669,0.068835432,0.0001354,30.587714,0.03766,99.423147,0.1354,18.376239,4.2276264,0.0086800946,99.036418,4223.4476,2.765,1,,,,2.3627395E-5,7.7837501,192.35981,0.0049631212,0
5755145.56,,5905,,13.7559,0.033,9.3E-6,13.877793,0.29347365,0.069013113,0.0001364,30.620876,0.03768,99.633989,0.1364,24.383035,4.2212867,0.0078902208,99.12225,4222.3783,2.778,1,,,,2.3703221E-5,8.4552529,192.59313,0.0049729172,0
5755196.75,,5905,,13.756,0.033,9.2E-6,13.878321,0.29301605,0.068939631,0.0001331,30.622799,0.03768,99.562431,0.1331,12.00525,4.2120467,0.0074391273,99.170968,4224.0388,2.714,1,,,,2.3732451E-5,8.4425734,192.6078,0.0049674331,0
5755396.2,,5905,,14.3654,0.033,9.2E-6,14.485452,0.29120973,0.078938347,0.0001476,33.865031,0.03929,112.80338,0.1476,16.49442,4.5610247,0.0082848585,99.135501,4214.2154,2.623,1,,,,2.4837834E-5,8.4240933,209.82832,0.0054494914,0
5755448.47,,5905,,14.3652,0.033,9.2E-6,14.494059,0.30714134,0.079064051,0.0001474,33.900861,0.03931,112.96491,0.1474,16.916491,4.549172,0.0071169234,99.255264,4214.4835,2.617,1,,,,2.4923386E-5,9.1220493,210.07774,0.0054549282,0
5755501.11,,5905,,14.3653,0.033,9.2E-6,14.493495,0.30644322,0.079085171,0.0001473,33.897898,0.03931,112.98307,0.1473,23.327377,4.5541057,0.007594107,99.206082,4213.9444,2.613,1,,,,2.4906497E-5,9.0983441,210.0614,0.0054565976,0
5755707.59,,5905,,15.0007,0.033,9.2E-6,15.126851,0.30620784,0.090011551,0.0001531,37.353598,0.04215,127.36515,0.1531,54.482835,4.9429109,0.0090278439,99.118782,4212.4097,2.385,1,,,,2.5881863E-5,9.1082114,228.82161,0.0059504489,0
5755761.66,,5905,,14.9999,0.033,9.3E-6,15.136149,0.32293885,0.090240807,0.0001643,37.414843,0.04222,127.65565,0.1643,16.858731,4.9558342,0.008967731,99.126602,4211.4267,2.553,1,,,,2.5872282E-5,9.8858218,229.103,0.0059619397,0
5755816.02,,5905,,14.9999,0.033,9.2E-6,15.136913,0.32364221,0.0901783,0.0001659,37.419508,0.04223,127.59781,0.1659,60.79687,4.9545076,0.009135255,99.110352,4212.6121,2.579,1,,,,2.5869565E-5,9.9116684,229.12613,0.0059575094,0
5756036.31,,5905,,15.4998,0.033,9.2E-6,15.638844,0.33253842,0.099316878,0.0001762,40.20542,0.04625,139.5223,0.1762,26.527618,5.244554,0.0086225808,99.198381,4214.4838,2.489,1,,,,2.6712385E-5,10.133878,244.57346,0.0063506532,0
5756093.25,,5905,,15.4997,0.033,9.2E-6,15.640706,0.33542004,0.099459496,0.0001796,40.218217,0.04627,139.67771,0.1796,50.564176,5.2591995,0.0087753037,99.186063,4212.9699,2.533,1,,,,2.6669432E-5,10.489108,244.63169,0.0063590157,0
5756149.73,,5905,,15.5001,0.033,9.2E-6,15.641478,0.33583767,0.099529474,0.0001789,40.22305,0.04628,139.75252,0.1789,43.924506,5.2605587,0.0090624507,99.159431,4212.1901,2.521,1,,,,2.668052E-5,10.518399,244.65584,0.0063631757,0
5756403.02,,5905,,16.9392,0.033,9.2E-6,17.075983,0.33071154,0.13054505,0.0002277,49.009331,0.06461,179.55438,0.2277,25.366393,6.2233036,0.011168356,99.095178,4200.9391,2.44,1,,,,2.8991447E-5,10.521117,291.58918,0.0076449508,0
5756464.14,,5905,,16.9392,0.033,9.3E-6,17.097159,0.36840424,0.13112769,0.0002446,49.134374,0.0649,180.26206,0.2446,52.446962,6.216243,0.0093371532,99.242087,4199.9097,2.608,1,,,,2.9115919E-5,12.446607,292.31283,0.0076695604,0
5756526.73,,5905,,16.9388,0.033,9.2E-6,17.096666,0.36853544,0.13119227,0.0002466,49.130867,0.06489,180.32314,0.2466,54.128013,6.2082099,0.0092692983,99.246428,4199.0994,2.627,1,,,,2.9162828E-5,12.432486,292.29599,0.0076735587,0
5756791.67,,5905,,18.5121,0.033,9.2E-6,18.665118,0.3603736,0.17243748,0.0003067,60.000158,0.08935,232.43764,0.3067,3.9603108,7.4360898,0.012465691,99.123805,4185.0535,2.479,1,,,,3.141037E-5,12.41642,348.38663,0.0092384885,0
5756860.8,,5905,,18.512,0.033,9.2E-6,18.689514,0.40352384,0.17335045,0.0003241,60.164817,0.08969,233.51527,0.3241,53.508826,7.4008988,0.010927203,99.22742,4183.1538,2.604,1,,,,3.1687869E-5,14.87218,349.29792,0.0092752791,0
5756929.78,,5905,,18.5131,0.033,9.2E-6,18.688889,0.40259924,0.17342625,0.0003148,60.159611,0.08967,233.58586,0.3148,23.911773,7.4016234,0.010761729,99.239008,4182.4044,2.528,1,,,,3.1692328E-5,14.801798,349.27455,0.0092796449,0
5757208.33,,5905,,20.2297,0.033,9.2E-6,20.39868,0.39381581,0.22676891,0.0003904,72.798897,0.1113,299.5678,0.3904,30.307339,8.8592214,0.014055585,99.136424,4174.6654,2.393,1,,,,3.3983294E-5,14.803247,416.10616,0.011116842,0
5757286.61,,5905,,20.2301,0.033,9.2E-6,20.425177,0.44277815,0.22816942,0.0004151,72.983789,0.1115,301.15321,0.4151,17.484299,8.8603748,0.012189802,99.249879,4171.5179,2.527,1,,,,3.4136432E-5,17.718443,417.18785,0.011170989,0
5757365.11,,5905,,20.2306,0.033,9.2E-6,20.425672,0.44221491,0.22811737,0.0004128,72.986427,0.1115,301.1038,0.4128,25.841127,8.8466323,0.011860723,99.269118,4171.9362,2.513,1,,,,3.4180005E-5,17.72075,417.20806,0.01116817,0
5757658.34,,5905,,22.1085,0.033,9.2E-6,22.29605,0.43062778,0.29769637,0.0004963,88.162978,0.1317,385.85935,0.4963,24.700819,10.62549,0.015518389,99.170151,4167.2629,2.313,1,,,,3.6495643E-5,17.693265,497.11383,0.013351978,0
5757747.56,,5905,,22.1076,0.033,9.2E-6,22.32626,0.48475332,0.29904144,0.0005345,88.402085,0.1321,387.44352,0.5345,24.890387,10.558367,0.012432727,99.330486,4166.6434,2.479,1,,,,3.6842921E-5,21.25098,498.46188,0.013394157,0
5757836.61,,5905,,22.1082,0.033,9.2E-6,22.325467,0.48247379,0.29936441,0.0005303,88.394684,0.1321,387.7591,0.5303,51.20646,10.5878,0.012622886,99.321691,4164.9965,2.457,1,,,,3.6772457E-5,21.116734,498.42647,0.0134091,0
5758147.38,,5905,,24.1607,0.033,9.2E-6,24.362663,0.46923544,0.38786198,0.000606,105.95698,0.1737,493.81895,0.606,18.770067,12.736274,0.016986151,99.20713,4169.1397,2.169,1,,,,3.8964057E-5,21.175599,593.53936,0.015920344,0
5758249.05,,5905,,24.1614,0.033,9.2E-6,24.395577,0.52963672,0.38964256,0.0006804,106.22677,0.1744,495.86933,0.6804,4.4550164,12.696733,0.014354675,99.327282,4168.4032,2.424,1,,,,3.9218382E-5,25.472549,595.14418,0.015971853,0
5758351.52,,5905,,24.161,0.033,9.2E-6,24.396193,0.52830975,0.38961595,0.0006696,106.231,0.1744,495.84695,0.6696,51.858275,12.699455,0.014226781,99.33347,4168.6035,2.385,1,,,,3.9206682E-5,25.393465,595.17425,0.015970358,0
5758683.06,,5905,,26.4044,0.033,9.2E-6,26.62878,0.51304479,0.5003858,0.0007815,126.64362,0.2296,627.02942,0.7815,10.505966,15.228019,0.018568565,99.24188,4185.9771,2.177,1,,,,4.1376599E-5,25.39891,709.0919,0.018791165,0
5758801.5,,5905,,26.4038,0.033,9.2E-6,26.664912,0.57785397,0.50291151,0.0008612,126.95623,0.2304,629.86774,0.8612,4.9323376,15.182989,0.015499663,99.364541,4184.6281,2.386,1,,,,4.1654404E-5,30.456037,711.01751,0.018860423,0
5758918.03,,5905,,26.404,0.033,9.2E-6,26.664414,0.57682429,0.5029724,0.0008439,126.95151,0.2304,629.92391,0.8439,2.6966552,15.216596,0.015273904,99.37514,4184.3811,2.337,1,,,,4.1563286E-5,30.365977,710.99096,0.018863059,0
5759278.72,,5905,,28.8549,0.033,9.2E-6,29.098096,0.56151225,0.64201819,0.001,151.18279,0.2842,793.20098,1,4.4911651,18.22839,0.020144367,99.282036,4209.4899,2.183,1,,,,4.3720978E-5,30.433191,846.69917,0.022063924,0
5759414.44,,5905,,28.8551,0.033,9.2E-6,29.137345,0.63173952,0.64533712,0.001086,151.55509,0.2849,796.89221,1.086,1.6200152,18.141806,0.016976613,99.39124,4207.9293,2.359,1,,,,4.4102341E-5,36.45678,848.98486,0.02214811,0
5759549.84,,5905,,28.8546,0.033,9.2E-6,29.137231,0.6291042,0.64585244,0.001083,151.55119,0.2849,797.40364,1.083,1.7846405,18.148508,0.016735398,99.39982,4206.7934,2.348,1,,,,4.4111894E-5,36.283612,848.97822,0.022165883,0
5759936.19,,5905,,31.534,0.033,9.2E-6,31.802883,0.60981035,0.81973675,0.001244,180.70178,0.3406,1000.4385,1.244,4.0593661,21.67526,0.022253748,99.304607,4240.878,2.144,1,,,,4.6373002E-5,36.297017,1011.4234,0.025775548,0
5760091.2,,5905,,31.5337,0.033,9.2E-6,31.844738,0.68420523,0.82439577,0.001379,181.15477,0.3415,1005.5505,1.379,1.1761602,21.614462,0.019314957,99.3937,4238.4447,2.361,1,,,,4.6713033E-5,43.35052,1014.0873,0.025887974,0
5760268.2,,5905,,31.5339,0.033,9.2E-6,31.84592,0.68376169,0.82423893,0.001369,181.17023,0.3415,1005.4092,1.369,11.219728,21.672442,0.020052607,99.372293,4238.8708,2.343,1,,,,4.6588263E-5,43.228924,1014.1626,0.025882089,0
5760688.02,,5905,,34.4606,0.033,9.2E-6,34.757881,0.66219004,1.0363914,0.001544,215.52379,0.4148,1251.9152,1.544,1.1488497,25.760624,0.025672581,99.298891,4286.4014,2.126,1,,,,4.8833407E-5,43.344884,1208.1103,0.029817451,0
5760868.42,,5905,,34.4614,0.033,9.2E-6,34.803543,0.74102649,1.0411739,0.001642,216.02623,0.416,1257.2001,1.642,0.32579993,25.512057,0.020650312,99.429982,4285.4508,2.251,1,,,,4.9472585E-5,51.521249,1211.2866,0.029915744,0
5761047.92,,5905,,34.4612,0.033,9.2E-6,34.802338,0.73685944,1.041022,0.001583,216.00811,0.416,1257.0301,1.583,0.6254028,25.553381,0.020950724,99.422632,4285.5108,2.17,1,,,,4.9388407E-5,51.024114,1211.2027,0.029912415,0
5761502.3,,5905,,37.6614,0.033,9.3E-6,37.983957,0.72039305,1.2899034,0.001953,256.13482,0.5076,1546.0382,1.953,0.88857055,30.271428,0.028802423,99.309762,4354.7376,2.196,1,,,,5.1319857E-5,51.106763,1442.781,0.033959163,0
5761708.84,,5905,,37.6611,0.033,9.2E-6,38.035587,0.80391701,1.2965116,0.001948,256.75393,0.5088,1553.2655,1.948,0.6622797,29.946384,0.022041704,99.465411,4353.2354,2.178,1,,,,5.2062588E-5,60.542855,1446.7059,0.034086804,0
5761913.27,,5905,,37.6609,0.033,9.2E-6,38.035964,0.80010737,1.2950329,0.001995,256.77207,0.5089,1551.805,1.995,0.62799232,29.96624,0.021906038,99.469495,4354.9349,2.234,1,,,,5.1977599E-5,59.892768,1446.7346,0.034047589,0
5762407.77,,5905,,41.1572,0.033,9.2E-6,41.504334,0.78552277,1.5897029,0.002422,304.22897,0.5743,1893.9319,2.422,0.42741397,35.375886,0.033069602,99.304685,4438.1529,2.251,1,,,,5.3801721E-5,59.932479,1722.6098,0.038302095,0
5762682.3,,5905,,41.1566,0.033,9.2E-6,41.560413,0.87813426,1.5958622,0.002132,304.94297,0.575,1900.8052,2.132,2.4413707,35.0649,0.027170107,99.423347,4438.4247,1.975,1,,,,5.4429994E-5,70.751772,1727.2679,0.038398613,0
5762952.92,,5905,,41.1574,0.033,9.2E-6,41.559818,0.87247322,1.5954209,0.002101,304.94006,0.575,1900.3609,2.101,2.1951713,34.969521,0.025873985,99.449518,4438.7703,1.947,1,,,,5.4555522E-5,70.1298,1727.2184,0.038388543,0
5763487.28,,5905,,44.9783,0.033,9.2E-6,45.37537,0.87118892,1.9135849,0.003016,358.81328,0.6276,2272.3982,3.016,0.21309748,40.909673,0.037549876,99.307682,4561.2576,2.394,1,,,,5.582158E-5,69.939042,2058.9242,0.042172326,0
5763799.16,,5905,,44.978,0.033,9.2E-6,45.437081,0.96893434,1.9214073,0.002352,359.64454,0.6284,2281.0518,2.352,1.9941857,40.471157,0.030459759,99.431932,4561.254,1.859,1,,,,5.6591051E-5,81.819346,2064.5283,0.042287208,0
5764110.19,,5905,,44.9775,0.033,9.2E-6,45.436564,0.96228388,1.9205186,0.00238,359.64237,0.6284,2280.161,2.38,1.7159507,40.40789,0.030036142,99.439148,4561.9056,1.883,1,,,,5.6654563E-5,80.942315,2064.4814,0.042268131,0
5764693.22,,5905,,49.1536,0.033,9.2E-6,49.576059,0.9643236,2.2714034,0.00386,424.3895,0.7059,2695.7929,3.86,0.15780829,46.678351,0.043047863,99.302676,4706.7529,2.663,1,,,,5.8040709E-5,80.81578,2457.7856,0.045816538,0
5765045.8,,5905,,49.1539,0.033,9.2E-6,49.641632,1.0653669,2.2807204,0.00282,425.41783,0.7073,2706.1382,2.82,1.3720358,46.101364,0.034382828,99.43574,4706.552,1.938,1,,,,5.8936521E-5,93.356702,2464.2917,0.045943702,0
5765397.05,,5905,,49.1548,0.033,9.2E-6,49.64053,1.0577314,2.2788523,0.002825,425.40664,0.7072,2704.2589,2.825,1.2424987,46.114003,0.034867544,99.428236,4707.7332,1.944,1,,,,5.8882557E-5,92.202728,2464.1822,0.04590709,0
5766080.64,,5905,,53.7177,0.033,9.2E-6,54.191014,1.0488157,2.7030626,0.004003,508.68129,0.8111,3211.7438,4.003,0.23826109,52.57406,0.048044668,99.312441,4855.0002,2.394,1,,,,6.1389747E-5,92.228006,2936.666,0.049880272,0
5766477.19,,5905,,53.7168,0.033,9.2E-6,54.256601,1.1514183,2.7120366,0.003292,509.85526,0.8124,3221.8918,3.292,2.1875256,52.013607,0.039201614,99.432844,4855.5087,1.963,1,,,,6.2193782E-5,105.14812,2943.7787,0.049985376,0
5766870.33,,5905,,53.7182,0.033,9.2E-6,54.255421,1.1443002,2.7130363,0.003333,509.84369,0.8124,3222.88,3.333,1.3527409,52.079061,0.040306997,99.41739,4854.8067,1.986,1,,,,6.2141564E-5,104.02721,2943.6507,0.050004889,0
5767609.67,,5905,,58.7044,0.033,9.2E-6,59.21494,1.1428446,3.1638941,0.004715,609.12611,0.8998,3773.0203,4.715,0.17047563,58.834551,0.056056839,99.294164,5033.9019,2.498,1,,,,6.4450191E-5,104.15812,3506.4091,0.053430674,0
5768049.61,,5905,,58.7042,0.033,9.2E-6,59.285333,1.2501708,3.1704637,0.003465,610.45465,0.9007,3780.9183,3.465,0.99610618,58.15829,0.046904353,99.402851,5036.4026,1.833,1,,,,6.5285659E-5,117.6691,3514.7507,0.053478045,0
5768486.09,,5905,,58.704,0.033,9.2E-6,59.282599,1.2407822,3.1705037,0.003417,610.41862,0.9006,3780.9224,3.417,0.95894878,58.049461,0.045933337,99.414115,5036.1491,1.808,1,,,,6.5402901E-5,116.31658,3514.4266,0.053481186,0
5769284.91,,5905,,64.1543,0.033,9.2E-6,64.714539,1.2551595,3.6122378,0.005317,723.09814,0.9644,4335.3359,5.317,0.10500149,65.023715,0.064957337,99.279128,5263.692,2.58,1,,,,6.700958E-5,116.09892,4187.9715,0.055818026,0
5769770.28,,5905,,64.1548,0.033,9.2E-6,64.789088,1.3681044,3.6208326,0.003485,724.63153,0.9654,4345.4641,3.485,0.68229347,64.180299,0.053800106,99.395275,5265.5826,1.688,1,,,,6.7993379E-5,130.04743,4197.6259,0.055886458,0
5770248.02,,5905,,64.1543,0.033,9.2E-6,64.788514,1.3573528,3.6216364,0.003463,724.61956,0.9654,4346.256,3.463,0.69451757,64.189607,0.054236959,99.390343,5265.1464,1.677,1,,,,6.7998281E-5,128.3606,4197.5515,0.05589936,0
5771170.64,,5905,,70.1099,0.033,9.3E-6,70.728744,1.3732719,4.0941153,0.005156,864.14194,1.083,4958.2572,5.156,0.21678535,70.799836,0.073306049,99.278605,5517.68,2.314,1,,,,7.0379363E-5,128.37921,5002.5552,0.057884744,0
5771695.44,,5905,,70.1099,0.033,9.3E-6,70.803863,1.4893409,4.1026523,0.004152,865.92924,1.084,4968.5815,4.152,0.76683923,70.173514,0.063412891,99.370601,5519.7063,1.861,1,,,,7.1110275E-5,141.59967,5013.187,0.057943905,0
5772213.91,,5905,,70.1104,0.033,9.2E-6,70.803078,1.4807031,4.1026798,0.004161,865.93684,1.084,4968.6167,4.161,0.55697071,70.095364,0.063030459,99.373707,5519.6327,1.865,1,,,,7.1188536E-5,140.34703,5013.0759,0.057944936,0
5773197.11,,5905,,76.6174,0.033,9.2E-6,77.268827,1.4947641,4.6249429,0.005779,1036.3782,1.202,5661.3211,5.779,0.19656584,76.601114,0.086872801,99.239709,5787.8354,2.409,1,,,,7.4284822E-5,140.19073,5970.4717,0.059855223,0
5773763.06,,5905,,76.619,0.033,9.2E-6,77.350519,1.6163621,4.6323045,0.004433,1038.5892,1.203,5670.8937,4.433,0.92264383,75.784335,0.074185802,99.344206,5790.8837,1.846,1,,,,7.5159291E-5,153.20223,5983.1029,0.059887181,0
5774321.8,,5905,,76.6181,0.033,9.2E-6,77.349231,1.6061885,4.6337712,0.004527,1038.5869,1.203,5672.3581,4.527,0.43668171,75.809,0.075044725,99.336678,5790.1762,1.885,1,,,,7.5158095E-5,151.56867,5982.9035,0.05990714,0
5775371.11,,5905,,83.7312,0.033,9.2E-6,84.440751,1.6216969,5.1908508,0.006917,1260.3301,1.376,6451.1809,6.917,0.17061006,81.997452,0.10112853,99.213585,6086.2985,2.701,1,,,,7.9079639E-5,151.618,7130.2405,0.06147329,0
5775973.66,,5905,,83.731,0.033,9.2E-6,84.526165,1.7462964,5.2012029,0.005151,1263.1304,1.378,6464.3334,5.151,0.80451738,81.189697,0.088941683,99.301758,6088.4102,2.009,1,,,,7.9982955E-5,163.9949,7144.6725,0.061533644,0
5776571.13,,5905,,83.7313,0.033,9.2E-6,84.52678,1.7364382,5.1997644,0.005201,1263.1866,1.378,6462.951,5.201,0.56489749,81.142723,0.088414793,99.305637,6089.0159,2.029,1,,,,8.0010066E-5,162.37939,7144.7765,0.061516178,0
5777684.58,,5905,,91.5055,0.033,9.3E-6,92.286608,1.7545226,5.7998183,0.007334,1518.6524,1.5,7318.4707,7.334,0.12213896,87.067047,0.11989841,99.160775,6410.3551,2.7,1,,,,8.4502974E-5,162.28545,8516.818,0.06284572,0
5778322.84,,5905,,91.5049,0.033,9.2E-6,92.376121,1.8838809,5.8067655,0.004836,1521.3838,1.5,7328.1493,4.836,0.45706719,86.113521,0.10377137,99.266077,6414.0129,1.78,1,,,,8.5494236E-5,174.13409,8533.3477,0.062860027,0
5778955.78,,5905,,91.5055,0.033,9.2E-6,92.37567,1.872279,5.8039823,0.004773,1521.3901,1.5,7325.3724,4.773,0.26884901,85.986833,0.10100225,99.284848,6415.0066,1.757,1,,,,8.5577465E-5,172.22704,8533.2643,0.062830206,0
5780126.44,,5905,,99.9991,0.033,9.3E-6,100.86635,1.9440528,6.2463245,0.007621,1795.89,1.533,8042.2144,7.621,0.11343266,91.388219,0.13731409,99.132102,6835.2155,2.778,1,,,,8.8466032E-5,171.97367,10174.021,0.061926741,0
5780794.03,,5905,,99.9967,0.033,9.2E-6,100.96002,2.0776163,6.2556315,0.004904,1799.1412,1.535,8054.7726,4.904,0.49454929,90.312661,0.11884643,99.240194,6838.1683,1.786,1,,,,8.9600045E-5,182.77644,10192.926,0.061961472,0
5781452.94,,5905,,100,0.033,9.2E-6,100.96087,2.0641218,6.254134,0.005154,1799.2075,1.535,8053.3415,5.154,0.23697866,90.310098,0.12102029,99.226371,6838.7716,1.878,1,,,,8.9594188E-5,180.62532,10193.097,0.061946119,0
5782862.39,,5905,,109.999,0.033,9.2E-6,111.02007,2.2241711,6.8450397,0.006498,2174.5975,1.806,9019.6372,6.498,0.13648769,94.399028,0.14660127,99.150094,7297.2122,2.308,1,,,,9.6020433E-5,182.2029,12325.457,0.061655874,0
5783555.86,,5905,,109.999,0.033,9.2E-6,111.05062,2.2583946,6.8434604,0.005904,2175.5495,1.807,9019.0099,5.904,0.30039382,94.305775,0.14431199,99.162848,7299.7817,2.098,1,,,,9.610138E-5,188.79806,12332.241,0.061624692,0
5784246.78,,5905,,109.997,0.033,9.2E-6,111.0561,2.2562851,6.8435286,0.005648,2175.7469,1.807,9019.2755,5.648,0.30018022,94.259144,0.14568825,99.154471,7300.1176,2.007,1,,,,9.6156443E-5,188.61155,12333.458,0.061622265,0
5785443.3,,5905,,115.966,0.033,9.2E-6,116.99359,2.2827918,7.1319124,0.007477,2399.1242,1.861,9531.0366,7.477,0.16601093,96.889526,0.17345772,99.048401,7585.3249,2.649,1,,,,9.8900276E-5,188.51829,13687.499,0.060959858,0
5786145.09,,5905,,115.967,0.033,9.2E-6,117.07239,2.3887872,7.1370222,0.00544,2402.1519,1.861,9539.1741,5.44,0.24545563,96.073717,0.15658792,99.133987,7588.6225,1.927,1,,,,9.9776485E-5,193.77905,13705.946,0.060962469,0
5786848.03,,5905,,115.963,0.033,9.2E-6,117.07406,2.3778893,7.1327292,0.00547,2402.2065,1.861,9534.9357,5.47,0.2098852,95.923073,0.15651035,99.133327,7590.2526,1.939,1,,,,9.9889E-5,192.14743,13706.335,0.060924933,0
5788066.44,,5905,,122.251,0.033,9.2E-6,123.34908,2.4159779,7.3934011,0.007918,2638.6641,1.864,10032.065,7.918,0.14759663,98.496198,0.18900021,99.009196,7901.9682,2.819,1,,,,0.00010240697,191.84615,15214.994,0.059938844,0
5788786.78,,5905,,122.253,0.033,9.2E-6,123.43444,2.5281447,7.3998575,0.00548,2641.9805,1.864,10041.838,5.48,0.45744198,97.48542,0.17251949,99.086451,7905.1362,1.951,1,,,,0.00010352525,196.9924,15236.06,0.0599497,0
5789500.48,,5905,,122.254,0.033,9.2E-6,123.43182,2.51379,7.4001228,0.005958,2641.9191,1.864,10042.042,5.958,0.16949836,97.460262,0.17000607,99.099514,7904.8741,2.12,1,,,,0.00010354662,194.97084,15235.414,0.059953121,0
5790741.28,,5905,,128.885,0.033,9.2E-6,130.03278,2.5471491,7.692172,0.00874,2898.2434,1.928,10590.415,8.74,0.17129505,99.738467,0.20811934,98.94957,8220.8613,3.111,1,,,,0.00010677777,194.92052,16908.524,0.059155638,0
5791467.05,,5905,,128.881,0.033,9.3E-6,130.12397,2.6646694,7.6933956,0.005654,2901.9883,1.93,10595.384,5.654,0.76266709,98.709906,0.18294923,99.067543,8226.1904,2.014,1,,,,0.00010787227,199.47693,16932.248,0.059123585,0
5792189.64,,5905,,128.883,0.033,9.2E-6,130.1239,2.6490581,7.6904847,0.005983,2902.0225,1.93,10592.507,5.983,0.33428643,98.604255,0.18396744,99.061513,8227.2236,2.133,1,,,,0.00010796191,197.41981,16932.229,0.059101247,0
5793448.89,,5905,,135.871,0.033,9.2E-6,137.07807,2.6831451,7.9948926,0.009305,3184.6594,2.159,11179.552,9.305,0.14934022,100.63973,0.22454026,98.904452,8555.484,3.317,1,,,,0.00011171558,197.20851,18790.398,0.058323643,0
5794185.38,,5905,,135.871,0.033,9.2E-6,137.1698,2.8018088,7.9976674,0.006003,3188.5182,2.162,11186.186,6.003,0.42910648,99.647822,0.19840674,99.022729,8560.2191,2.141,1,,,,0.00011282465,201.27945,18815.555,0.058304869,0
5794908.06,,5905,,135.87,0.033,9.2E-6,137.1703,2.7862905,7.9962474,0.007031,3188.5882,2.163,11184.836,7.031,0.16776132,99.629336,0.1980731,99.024277,8560.757,2.508,1,,,,0.00011283099,199.29564,18815.692,0.058294303,0
5796174.75,,5905,,143.238,0.033,9.2E-6,144.5154,2.8386218,8.253728,0.009419,3481.4385,2.397,11735.166,9.419,0.12237985,101.34642,0.23898885,98.869913,8924.3837,3.392,1,,,,0.00011644887,199.25867,20884.702,0.057113137,0
5796914.59,,5905,,143.239,0.033,9.2E-6,144.61108,2.959217,8.2581672,0.006014,3485.2981,2.399,11743.465,6.014,0.54811619,100.24718,0.21656322,98.964969,8928.6916,2.166,1,,,,0.00011775227,202.69285,20912.364,0.057106048,0
5797648.53,,5905,,143.239,0.033,9.3E-6,144.61043,2.9417547,8.2526589,0.00625,3485.3108,2.399,11737.97,6.25,0.14921431,100.17079,0.21581747,98.968032,8930.6375,2.253,1,,,,0.00011778486,200.49436,20912.176,0.057068214,0
5798938.27,,5905,,151.006,0.033,9.2E-6,152.37161,3.0053813,8.5063151,0.009912,3785.0129,2.532,12291.328,9.912,0.10477278,101.48344,0.2534722,98.828518,9315.4614,3.616,1,,,,0.00012180592,200.34158,23217.107,0.055826117,0
5799678.17,,5905,,151.004,0.033,9.2E-6,152.46986,3.1245384,8.5073777,0.005919,3789.0344,2.533,12296.412,5.919,0.35339165,100.48157,0.22859549,98.933311,9321.08,2.161,1,,,,0.00012300782,202.96689,23247.057,0.055797112,0
5800414.72,,5905,,151.005,0.033,9.2E-6,152.47257,3.1075353,8.5062252,0.006317,3789.1777,2.533,12295.403,6.317,0.15310098,100.3682,0.22573308,98.945545,9321.667,2.306,1,,,,0.00012312922,200.96314,23247.886,0.055788559,0
5801712,,5905,,159.188,0.033,9.2E-6,160.63395,3.178812,8.7518997,0.01139,4110.1378,2.67,12862.038,11.39,0.1055966,101.66495,0.28056819,98.731911,9727.8617,4.215,1,,,,0.00012726842,200.73641,25803.267,0.054483498,0
5802452.77,,5905,,159.193,0.033,9.2E-6,160.73831,3.3035696,8.7622022,0.00641,4114.3539,2.673,12876.556,6.41,0.19871391,100.53797,0.24173331,98.89501,9730.3649,2.372,1,,,,0.0001287408,203.3299,25836.805,0.05451222,0
5803189.64,,5905,,159.192,0.033,9.3E-6,160.74131,3.2856416,8.7513225,0.00694,4114.5792,2.673,12865.902,6.94,0.19333995,100.38103,0.24166243,98.894134,9734.5771,2.572,1,,,,0.00012883537,201.07594,25837.769,0.054443519,0
5804494.42,,5905,,167.822,0.033,9.2E-6,169.34947,3.3587029,9.0080652,0.01131,4453.5617,2.92,13461.627,11.31,0.1072338,101.21405,0.29031947,98.706002,10157.515,4.249,1,,,,0.00013378457,200.76206,28679.244,0.053192166,0
5805234.84,,5905,,167.824,0.033,9.2E-6,169.45781,3.4827468,8.9996881,0.00651,4457.9361,2.923,13457.624,6.51,0.27023211,99.871002,0.25219096,98.861414,10167.166,2.45,1,,,,0.00013544587,202.42811,28715.95,0.053108724,0
5805958.58,,5905,,167.826,0.033,9.2E-6,169.45889,3.459271,8.999727,0.007301,4458.1081,2.924,13457.835,7.301,0.14966505,99.962559,0.25317411,98.858039,10167.216,2.748,1,,,,0.00013532601,199.742,28716.315,0.053108615,0
5807258.77,,5905,,176.925,0.033,9.2E-6,178.53637,3.5470346,9.2486002,0.01176,4813.096,3.103,14061.696,11.76,0.099968903,100.44289,0.29752986,98.686453,10614.891,4.496,1,,,,0.00014080542,199.92512,31875.237,0.05180233,0
5807993.56,,5905,,176.925,0.033,9.3E-6,178.65181,3.6723458,9.2486774,0.006972,4817.7852,3.104,14066.463,6.972,0.39370018,99.402091,0.27295355,98.782569,10621.724,2.668,1,,,,0.00014226677,200.88579,31916.469,0.051769291,0
5808716.61,,5905,,176.924,0.033,9.2E-6,178.65419,3.649934,9.2544067,0.00823,4817.8944,3.104,14072.301,8.23,0.10374855,99.246363,0.26387099,98.820948,10619.673,3.146,1,,,,0.00014252521,198.80418,31917.318,0.051800671,0
5810024.56,,5905,,186.519,0.033,9.2E-6,188.21588,3.7473099,9.4795124,0.01214,5176.0672,3.071,14655.58,12.14,0.091367143,98.994518,0.30372626,98.659802,11098.776,4.733,1,,,,0.00014888833,198.49273,35425.216,0.050365105,0
5810748.52,,5905,,186.522,0.033,9.3E-6,188.33001,3.865003,9.4832497,0.006705,5180.5739,3.07,14663.824,6.705,0.32875901,98.204321,0.27655068,98.769863,11104.047,2.616,1,,,,0.00015009954,197.98904,35468.193,0.050354427,0
5811468.03,,5905,,186.518,0.033,9.3E-6,188.33696,3.8536369,9.4791949,0.007291,5180.8518,3.07,14660.047,7.291,0.099084129,98.288685,0.26808567,98.808641,11106.04,2.846,1,,,,0.0001499069,196.40864,35470.81,0.050331039,0
5812652.8,,5905,,196.634,0.033,9.2E-6,198.37088,3.8680274,9.6819374,0.01344,5537.4095,3.104,15219.347,13.44,0.080282618,98.122911,0.31197168,98.629871,11615.502,5.369,1,,,,0.00015597971,196.57737,39351.005,0.048807252,0
5813370.67,,5905,,196.632,0.033,9.2E-6,198.55438,4.101544,9.6864194,0.006301,5544.415,3.107,15230.834,6.301,0.48616742,96.872057,0.27223727,98.788861,11624.453,2.519,1,,,,0.00015800813,196.24582,39423.843,0.048784717,0
5814072.89,,5905,,196.639,0.033,9.2E-6,198.55708,4.0733072,9.6865971,0.007867,5544.6213,3.107,15231.218,7.867,0.12172123,96.801388,0.27033909,98.796417,11624.54,3.145,1,,,,0.00015812251,193.74411,39424.912,0.04878495,0
5815237.47,,5905,,207.295,0.033,9.2E-6,209.12477,4.0957744,9.8880888,0.01362,5917.1667,3.429,15805.256,13.62,0.11396375,96.589848,0.31804565,98.598349,12159.495,5.578,1,,,,0.00016454616,193.60278,43733.17,0.047283202,0
5815939.25,,5905,,207.295,0.033,9.2E-6,209.32594,4.3441755,9.8848938,0.006829,5925.2127,3.442,15810.107,6.829,0.83242649,95.360076,0.27358691,98.778803,12172.503,2.802,1,,,,0.00016659733,193.1797,43817.35,0.047222498,0
5816637.86,,5905,,207.292,0.033,9.2E-6,209.3302,4.3117493,9.8826805,0.008329,5925.3726,3.442,15808.053,8.329,0.14601602,95.078915,0.27318052,98.777094,12173.66,3.418,1,,,,0.00016706927,190.72015,43819.133,0.047210964,0
5817796.59,,5905,,218.538,0.033,9.2E-6,220.46835,4.318456,10.091397,0.01448,6356.3883,4.304,16447.785,14.48,0.12168719,94.574581,0.31541573,98.598211,12732.392,6.083,1,,,,0.00017484726,190.15783,48606.294,0.045772541,0
5818490.13,,5905,,218.533,0.033,9.2E-6,220.67702,4.5759313,10.09022,0.007779,6365.0922,4.309,16455.312,7.779,1.4275309,93.36417,0.26844148,98.79137,12744.938,3.274,1,,,,0.00017706179,189.14916,48698.345,0.045723928,0
5819170.75,,5905,,218.535,0.033,9.2E-6,220.68242,4.5465369,10.093012,0.008818,6365.3768,4.309,16458.389,8.818,0.21852564,93.3688,0.26983758,98.785097,12744.075,3.709,1,,,,0.00017709054,186.72834,48700.73,0.045735461,0
5820309.25,,5905,,230.386,0.033,9.2E-6,232.41991,4.5846328,10.275541,0.01487,6771.7867,3.743,17047.327,14.87,0.10867001,92.469658,0.31265555,98.593223,13341.949,6.428,1,,,,0.00018531489,186.7376,54019.013,0.044211104,0
5820983.94,,5905,,230.386,0.033,9.2E-6,232.63531,4.8458972,10.275755,0.007783,6779.6231,3.742,17055.378,7.783,0.38197456,91.369228,0.26662269,98.785569,13354.221,3.37,1,,,,0.00018749981,184.93932,54119.186,0.044171091,0
5821656.81,,5905,,230.386,0.033,9.2E-6,232.64499,4.8152341,10.265384,0.008004,6779.9522,3.742,17045.337,8.004,0.29177778,91.07419,0.26073824,98.808717,13359.272,3.47,1,,,,0.00018797957,182.73846,54123.69,0.044124675,0
5822772.91,,5905,,242.881,0.033,9.3E-6,245.02802,4.860802,10.453293,0.01556,7150.6315,4.039,17603.925,15.56,0.1221294,89.803308,0.30739463,98.586687,13985.528,6.933,1,,,,0.00019702189,182.14838,60038.73,0.042661624,0
5823428.86,,5905,,242.88,0.033,9.2E-6,245.2594,5.1352901,10.419656,0.007529,7157.3516,4.038,17577.008,7.529,0.69619005,88.579171,0.2567249,98.803557,14013.782,3.374,1,,,,0.00019927961,179.60662,60152.173,0.042484228,0
5824080.63,,5905,,242.877,0.033,9.2E-6,245.26256,5.0981764,10.418871,0.009067,7157.4567,4.038,17576.328,9.067,0.11760353,88.403059,0.25279,98.819513,14014.315,4.063,1,,,,0.00019965733,177.15834,60153.721,0.042480479,0
5825178.44,,5905,,256.05,0.033,9.2E-6,258.32675,5.1556834,10.605688,0.01688,7519.9459,4.441,18125.634,16.88,0.13911844,86.727357,0.32715801,98.453529,14673.62,7.778,1,,,,0.00021012378,176.80612,66732.709,0.041055321,0
5825815.05,,5905,,256.05,0.033,9.2E-6,258.55989,5.422385,10.585963,0.008242,7527.8215,4.46,18113.785,8.242,0.47904781,85.605604,0.27448179,98.685265,14695.979,3.812,1,,,,0.0002125617,173.45471,66853.217,0.040942017,0
5826440.69,,5905,,256.047,0.033,9.3E-6,258.5613,5.3875585,10.594183,0.01001,7527.9374,4.461,18122.121,10.01,0.088105327,85.588962,0.26947933,98.708708,14692.257,4.622,1,,,,0.00021268394,171.21121,66853.944,0.040973585,0
5827506.64,,5905,,269.931,0.033,9.2E-6,272.31593,5.4341363,10.807371,0.02039,7947.0177,5.661,18754.389,20.39,0.12229065,83.552549,0.35087318,98.289961,15371.415,9.655,1,,,,0.0002257645,171.17792,74155.964,0.039686885,0
5828120.58,,5905,,269.941,0.033,9.2E-6,272.56083,5.7007449,10.761674,0.01047,7955.0293,5.699,18716.704,10.47,0.6991185,82.45153,0.309087,98.473855,15406.985,4.995,1,,,,0.00022816997,167.1051,74289.407,0.039483569,0
5828725.16,,5905,,269.934,0.033,9.3E-6,272.56881,5.6595016,10.761706,0.01075,7955.2405,5.7,18716.946,10.75,0.19864522,82.153381,0.28990764,98.56294,15407.421,5.125,1,,,,0.00022893135,164.90306,74293.759,0.039482527,0
5829763.02,,5905,,284.566,0.033,9.2E-6,287.04306,5.720529,10.992163,0.02199,8369.8194,6.819,19361.982,21.99,0.17920457,80.71263,0.41140755,97.938009,16111.408,10.73,1,,,,0.00024152412,164.30676,82393.72,0.038294473,0
5830358.5,,5905,,284.57,0.033,9.2E-6,287.32125,6.0102279,10.957208,0.01258,8378.0377,6.799,19335.246,12.58,1.35145,79.365299,0.35157736,98.207369,16144.153,6.174,1,,,,0.00024505794,161.42526,82553.5,0.038135739,0
5830944.69,,5905,,284.569,0.033,9.2E-6,287.3295,5.9562072,10.94142,0.01251,8378.3373,6.799,19319.757,12.51,0.48981432,79.062074,0.33830584,98.268417,16152.378,6.149,1,,,,0.00024574889,158.7306,82558.239,0.038079695,0
5831958.25,,5905,,299.998,0.033,9.3E-6,302.67473,6.1518675,11.050576,0.01962,8550.2181,4.414,19600.794,19.62,0.09047823,76.642385,0.34594969,98.176638,16958.809,10.03,1,,,,0.00025726012,158.12415,91611.995,0.036509741,0
5832526.61,,5905,,300.004,0.033,9.2E-6,302.94326,6.3981555,11.038173,0.007738,8547.2503,4.348,19585.423,7.738,1.0395283,75.438387,0.29895066,98.398105,16980.21,3.966,1,,,,0.00026096932,153.28477,91774.622,0.036436435,0
5833080.55,,5905,,299.998,0.033,9.2E-6,302.9547,6.3488481,11.039621,0.008467,8547.0844,4.345,19586.705,8.467,0.14240422,75.259625,0.27676028,98.512846,16980.109,4.339,1,,,,0.00026150787,150.87677,91781.552,0.036439839,0
